4                     168.62
8                     139.19
16                    144.87
32                    143.93
64                    140.31
128                   142.99
256                   154.03
512                   167.31
1024                  201.66
2048                  325.73
4096                  455.73
8192                  763.81
16384                 870.25
32768                1133.29
65536                1830.62
131072               2744.09
262144               4815.89
524288               9321.21
1048576             27910.31
2097152             52232.09
4194304             99826.66
8388608            181919.21
16777216           336084.33
33554432           667179.19
67108864          1327956.47
134217728         2652535.12
268435456         5341195.01