4                     129.32
8                     131.21
16                    126.37
32                    145.85
64                    156.08
128                   162.88
256                   171.54
512                   173.64
1024                  207.18
2048                  314.86
4096                  433.94
8192                  748.64
16384                 932.39
32768                1218.73
65536                2068.42
131072               3423.38
262144               5254.60
524288              11318.75
1048576             27565.21
2097152             52633.87
4194304             99496.80
8388608            181361.78
16777216           337760.19
33554432           667547.70
67108864          1330981.81
134217728         2649909.24
268435456         5362854.24