# OSU MPI Latency Test v5.7
# Size          Latency (us)
4000                    4.24
5000                    5.26
6000                    5.64
7000                    5.31
8000                    5.66
9000                    5.95
10000                   6.44
11000                   6.92
12000                   6.96
13000                   8.80
14000                   8.93
15000                   9.08
16000                   9.18
17000                   9.34
18000                   9.47
19000                   9.70
20000                  31.58
21000                   9.13
22000                   9.24
23000                   9.42
24000                   9.67
25000                  10.48
26000                  10.64
27000                  10.15
28000                  10.93
29000                  10.71
30000                  10.90
31000                  11.62
32000                  11.59
33000                  11.94
34000                  12.08
35000                  12.22
36000                  12.19
37000                  12.31
38000                  12.78
39000                  12.83
40000                  12.52
41000                  12.63
42000                  12.78
43000                  12.55
44000                  12.58
45000                  12.96
46000                  13.26
47000                  13.29
48000                  13.23
49000                  13.44
50000                  13.51
51000                  13.73
52000                  20.34
53000                  26.85
54000                  12.81
55000                  13.47
56000                  13.21
57000                  13.11
58000                  13.26
59000                  14.53
60000                  15.14
61000                  15.05
62000                  15.37
63000                  15.67
64000                  15.30
65000                  15.52
66000                  15.98
67000                  16.03
68000                  16.18
69000                  16.29
70000                  16.53
71000                  16.82
72000                  16.86
73000                  16.99
74000                  17.19
75000                  17.33
76000                  37.11
77000                  16.23
78000                  16.55
79000                  16.38
80000                  16.38
81000                  17.24
82000                  18.14
83000                  18.47
84000                  18.62
85000                  19.28
86000                  19.41
87000                  19.58
88000                  19.56
89000                  19.58
90000                  20.29
91000                  19.83
92000                  19.92
93000                  19.86
94000                  20.03
95000                  39.36
96000                  19.34
97000                  19.96
98000                  19.92
99000                  20.06
100000                 21.96
101000                 22.15
102000                 22.63
103000                 22.91
104000                 22.80
105000                 22.99
106000                 23.13
107000                 22.94
108000                 22.23
109000                 22.01
110000                 22.06
111000                 22.47
112000                 41.98
113000                 21.39
114000                 21.57
115000                 22.07
116000                 23.93
117000                 24.45
118000                 24.01
119000                 24.37
120000                 24.37
121000                 24.01
122000                 24.50
123000                 24.70
124000                 25.30
125000                 25.85
126000                 25.33
127000                 44.01
128000                 24.65
129000                 24.98
130000                 25.47
131000                 26.67
132000                 26.79
133000                 27.06
134000                 25.98
135000                 26.05
136000                 26.35
137000                 27.52
138000                 28.03
139000                 27.14
140000                 27.40
141000                 45.36
142000                 26.26
143000                 26.23
144000                 27.27
145000                 28.08
146000                 28.14
147000                 28.09
148000                 27.99
149000                 27.74
150000                 28.19
151000                 27.31
152000                 27.60
153000                 28.23
154000                 44.49
155000                 25.82
156000                 25.44
157000                 26.91
158000                 28.19
159000                 28.49
160000                 28.39
161000                 28.29
162000                 28.76
163000                 28.12
164000                 28.12
165000                 29.07
166000                 29.69
167000                 28.78
168000                 29.85
169000                 46.50
170000                 28.39
171000                 28.77
172000                 31.41
173000                 31.36
174000                 30.90
175000                 30.72
176000                 31.15
177000                 31.02
178000                 31.30
179000                 31.09
180000                 31.31
181000                 47.80
182000                 29.03
183000                 30.23
184000                 29.73
185000                 31.72
186000                 32.89
187000                 33.00
188000                 32.42
189000                 32.16
190000                 32.39
191000                 32.27
192000                 32.67
193000                 39.80
194000                 40.18
195000                 29.61
196000                 30.77
197000                 31.57
198000                 33.12
199000                 32.97
200000                 33.29
201000                 33.30
202000                 33.72
203000                 33.48
204000                 32.36
205000                 33.71
206000                 41.30
207000                 43.26
208000                 31.92
209000                 32.23
210000                 33.93
211000                 34.65
212000                 34.72
213000                 34.39
214000                 33.53
215000                 34.08
216000                 35.01
217000                 34.97
218000                 50.08
219000                 33.77
220000                 32.18
221000                 32.33
222000                 34.39
223000                 35.18
224000                 35.14
225000                 35.35
226000                 35.76
227000                 36.26
228000                 35.50
229000                 36.13
230000                 36.19
231000                 53.09
232000                 33.09
233000                 33.10
234000                 35.57
235000                 37.07
236000                 36.65
237000                 37.35
238000                 39.69
239000                 37.62
240000                 37.44
241000                 37.81
242000                 53.54
243000                 34.50
244000                 35.10
245000                 35.34
246000                 38.38
247000                 39.13
248000                 38.26
249000                 37.56
250000                 38.09
251000                 37.32
252000                 37.67
253000                 50.29
254000                 39.98
255000                 35.81
256000                 38.49
257000                 39.02
258000                 39.06
259000                 39.39
260000                 39.72
261000                 39.04
262000                 37.23
263000                 54.36
264000                 35.49
265000                 35.86
266000                 39.09
267000                 39.43
268000                 39.44
269000                 39.51
270000                 39.50
271000                 39.21
272000                 38.16
273000                 55.33
274000                 36.43
275000                 36.97
276000                 39.04
277000                 38.85
278000                 39.06
279000                 39.13
280000                 39.46
281000                 40.12
282000                 40.19
283000                 40.24
284000                 56.96
285000                 37.32
286000                 38.17
287000                 40.61
288000                 41.07
289000                 40.55
290000                 40.24
291000                 39.94
292000                 40.68
293000                 40.89
294000                 57.16
295000                 38.29
296000                 38.96
297000                 41.52
298000                 42.07
299000                 42.53
300000                 42.99
301000                 43.37
302000                 41.99
303000                 42.97
304000                 58.30
305000                 40.38
306000                 43.15
307000                 43.11
308000                 42.84
309000                 43.34
310000                 43.72
311000                 44.59
312000                 45.26
313000                 45.89
314000                 55.86
315000                 40.87
316000                 44.46
317000                 44.73
318000                 44.74
319000                 44.67
320000                 44.76
321000                 44.49
322000                 61.35
323000                 42.34
324000                 44.11
325000                 45.51
326000                 45.59
327000                 44.94
328000                 44.31
329000                 45.26
330000                 46.51
331000                 62.70
332000                 42.64
333000                 44.94
334000                 46.86
335000                 47.14
336000                 46.82
337000                 47.08
338000                 47.73
339000                 65.86
340000                 44.16
341000                 44.44
342000                 45.69
343000                 47.73
344000                 46.37
345000                 47.98
346000                 48.15
347000                 61.03
348000                 47.63
349000                 44.90
350000                 48.55
351000                 48.77
352000                 48.66
353000                 48.78
354000                 46.37
355000                 47.91
356000                 63.51
357000                 45.00
358000                 47.20
359000                 49.43
360000                 49.54
361000                 49.80
362000                 49.79
363000                 50.06
364000                 66.90
365000                 46.13
366000                 46.01
367000                 49.23
368000                 48.73
369000                 49.08
370000                 50.09
371000                 50.29
372000                 50.24
373000                 78.26
374000                 54.37
375000                 56.33
376000                 50.16
377000                 50.34
378000                 48.95
379000                 50.09
380000                 50.29
381000                 66.60
382000                 46.40
383000                 46.95
384000                 49.65
385000                 50.52
386000                 50.31
387000                 50.83
388000                 51.01
389000                 51.16
390000                 66.75
391000                 46.93
392000                 48.26
393000                 51.28
394000                 51.18
395000                 50.74
396000                 50.50
397000                 50.14
398000                 50.31
399000                 53.11
400000                 68.74
401000                 48.89
402000                 50.98
403000                 53.14
404000                 53.43
405000                 53.56
406000                 53.83
407000                 69.03
408000                 48.91
409000                 49.50
410000                 54.33
411000                 54.80
412000                 54.42
413000                 54.83
414000                 54.24
415000                 67.12
416000                 50.14
417000                 54.59
418000                 54.74
419000                 54.38
420000                 54.14
421000                 54.15
422000                 67.80
423000                 58.39
424000                 55.83
425000                 56.17
426000                 54.77
427000                 56.15
428000                 56.13
429000                 56.76
430000                 71.81
431000                 52.02
432000                 56.76
433000                 56.92
434000                 57.31
435000                 57.63
436000                 64.98
437000                 62.82
438000                 53.59
439000                 56.36
440000                 55.84
441000                 57.45
442000                 57.88
443000                 57.88
444000                 73.28
445000                 53.59
446000                 58.12
447000                 58.68
448000                 58.46
449000                 58.85
450000                 59.75
451000                 71.50
452000                 54.77
453000                 77.56
454000                 59.70
455000                 59.86
456000                 60.15
457000                 74.99
458000                 55.83
459000                 59.99
460000                 61.42
461000                 61.34
462000                 61.60
463000                 69.46
464000                 60.98
465000                 58.66
466000                 60.92
467000                 60.88
468000                 60.20
469000                 58.97
470000                 75.53
471000                 55.99
472000                 56.21
473000                 60.40
474000                 60.41
475000                 59.17
476000                 60.07
477000                 61.22
478000                 74.93
479000                 56.61
480000                 60.39
481000                 62.29
482000                 62.21
483000                 62.35
484000                 77.57
485000                 59.50
486000                 60.94
487000                 61.88
488000                 62.74
489000                 62.85
490000                 79.06
491000                 57.38
492000                 60.38
493000                 62.77
494000                 62.79
495000                 63.18
496000                 63.38
497000                 77.54
498000                 57.27
499000                 58.79
500000                 62.66
501000                 64.18
502000                 64.08
503000                 63.96
504000                 62.82
505000                 80.32
506000                 60.91
507000                 63.65
508000                 64.33
509000                 64.01
510000                 63.47
511000                 65.35
512000                 79.44
513000                 60.39
514000                 62.42
515000                 65.21
516000                 64.82
517000                 66.43
518000                 66.40
519000                 81.99
520000                 60.62
521000                 62.82
522000                 65.03
523000                 65.54
524000                 64.70
525000                 66.14
526000                 64.94
527000                 78.22
528000                 60.94
529000                 62.01
530000                 66.15
531000                 65.24
532000                 65.08
533000                 66.14
534000                 66.35
535000                 83.42
536000                 62.85
537000                 64.88
538000                 67.35
539000                 67.26
540000                 67.36
541000                 73.82
542000                 71.34
543000                 65.02
544000                 68.99
545000                 68.56
546000                 66.19
547000                 65.38
548000                 84.80
549000                 61.98
550000                 67.74
551000                 68.75
552000                 68.75
553000                 69.53
554000                 83.83
555000                 65.49
556000                 69.30
557000                 68.96
558000                 69.56
559000                 85.10
560000                 63.77
561000                 68.91
562000                 69.39
563000                 70.43
564000                 70.90
565000                 85.96
566000                 64.98
567000                 69.81
568000                 69.46
569000                 69.76
570000                 70.43
571000                 83.53
572000                 66.50
573000                 71.98
574000                 72.50
575000                 72.85
576000                 73.57
577000                 77.47
578000                 69.56
579000                 71.97
580000                 71.76
581000                 71.96
582000                 85.28
583000                 69.42
584000                 73.57
585000                 72.66
586000                 71.77
587000                 87.47
588000                 66.64
589000                 71.51
590000                 73.17
591000                 73.45
592000                 74.47
593000                 87.57
594000                 69.37
595000                 73.70
596000                 73.83
597000                 73.85
598000                 86.98
599000                 67.75
600000                 72.95
601000                 74.56
602000                 73.90
603000                 72.76
604000                 88.87
605000                 68.71
606000                 73.85
607000                 75.82
608000                 73.20
609000                 75.36
610000                 92.49
611000                 68.51
612000                 71.58
613000                 74.25
614000                 75.04
615000                 74.07
616000                 81.02
617000                 82.26
618000                 72.47
619000                 77.69
620000                 75.11
621000                 76.85
622000                 90.62
623000                 71.31
624000                 75.80
625000                 76.78
626000                 77.91
627000                 94.38
628000                 69.39
629000                 75.21
630000                 76.84
631000                 76.78
632000                 81.48
633000                 83.26
634000                 75.64
635000                 78.24
636000                 78.52
637000                 76.93
638000                 92.39
639000                 72.52
640000                 77.42
641000                 76.55
642000                 78.58
643000                 78.01
644000                 96.52
645000                 72.29
646000                 76.74
647000                 79.97
648000                 78.98
649000                 78.23
650000                 92.20
651000                 74.85
652000                 80.86
653000                 81.23
654000                 79.08
655000                 92.41
656000                 75.86
657000                 79.05
658000                 79.37
659000                 80.28
660000                 95.11
661000                 78.01
662000                 79.53
663000                 78.49
664000                 78.69
665000                 79.46
666000                 95.64
667000                 79.14
668000                 80.29
669000                 81.01
670000                 81.13
671000                 79.38
672000                 95.59
673000                 78.18
674000                 80.14
675000                 80.15
676000                 80.23
677000                 81.23
678000                 81.19
679000                 93.53
680000                 80.28
681000                 79.94
682000                 79.96
683000                 80.71
684000                 80.27
685000                 92.36
686000                 82.21
687000                 81.95
688000                 81.37
689000                 80.24
690000                 81.09
691000                 80.98
692000                 96.79
693000                 82.19
694000                 83.17
695000                 84.27
696000                 83.72
697000                 81.78
698000                 98.25
699000                 80.36
700000                 82.06
701000                 82.86
702000                 84.31
703000                 84.83
704000                 83.63
705000                 97.75
706000                 81.31
707000                 83.04
708000                 83.20
709000                 83.05
710000                 83.08
711000                 99.94
712000                 86.06
713000                 82.44
714000                 82.56
715000                 84.00
716000                 84.14
717000                 84.64
718000                100.96
719000                 84.39
720000                 87.67
721000                 87.92
722000                 86.33
723000                101.60
724000                 80.12
725000                 84.62
726000                 87.64
727000                 89.18
728000                 87.77
729000                 98.54
730000                 85.51
731000                 87.35
732000                 86.03
733000                 92.09
734000                 92.67
735000                 85.74
736000                 87.65
737000                 87.25
738000                 87.55
739000                100.11
740000                 83.70
741000                 88.33
742000                 88.55
743000                 88.45
744000                100.64
745000                 81.98
746000                 88.10
747000                 88.81
748000                 89.03
749000                105.85
750000                 84.36
751000                 87.79
752000                 89.54
753000                 90.15
754000                104.17
755000                 84.47
756000                 92.20
757000                 90.70
758000                 88.72
759000                102.53
760000                 86.28
761000                 89.44
762000                 90.17
763000                106.74
764000                 85.19
765000                 89.87
766000                 89.73
767000                 90.13
768000                104.16
769000                 83.41
770000                 90.64
771000                 90.54
772000                 90.87
773000                 98.55
774000                 91.21
775000                 89.50
776000                 91.00
777000                 90.70
778000                100.38
779000                 97.27
780000                 86.64
781000                 90.67
782000                 92.15
783000                108.43
784000                 85.07
785000                 89.02
786000                 93.23
787000                 91.70
788000                 92.83
789000                105.85
790000                 89.72
791000                 93.43
792000                 94.76
793000                 98.08
794000                102.35
795000                 91.25
796000                 94.31
797000                 93.43
798000                 94.20
799000                109.65
800000                 91.66
801000                 95.73
802000                 95.98
803000                113.11
804000                 88.14
805000                 93.90
806000                 98.35
807000                 96.04
808000                109.82
809000                 89.82
810000                 95.94
811000                 95.36
812000                 98.08
813000                108.89
814000                 93.38
815000                 97.69
816000                 95.54
817000                110.93
818000                 90.10
819000                 96.97
820000                 96.75
821000                 96.96
822000                112.32
823000                 90.09
824000                 97.20
825000                 97.25
826000                 97.31
827000                111.70
828000                 91.23
829000                 98.20
830000                 96.55
831000                 97.48
832000                115.15
833000                 93.22
834000                 97.75
835000                 97.04
836000                116.59
837000                 92.23
838000                 97.05
839000                 99.76
840000                 98.27
841000                110.89
842000                 94.23
843000                 98.97
844000                 99.50
845000                109.20
846000                 95.65
847000                 98.98
848000                 98.86
849000                114.18
850000                 95.55
851000                 99.70
852000                 99.03
853000                105.66
854000                103.86
855000                100.21
856000                102.55
857000                106.57
858000                108.83
859000                 94.61
860000                102.04
861000                100.23
862000                110.10
863000                103.82
864000                 98.00
865000                101.10
866000                101.30
867000                117.23
868000                 93.14
869000                102.36
870000                104.36
871000                101.55
872000                114.07
873000                 97.87
874000                100.98
875000                102.66
876000                102.30
877000                117.63
878000                 94.21
879000                102.42
880000                102.06
881000                102.07
882000                115.28
883000                 99.29
884000                100.36
885000                102.87
886000                101.88
887000                114.48
888000                100.37
889000                104.80
890000                102.72
891000                118.83
892000                 98.00
893000                105.49
894000                104.18
895000                122.40
896000                101.15
897000                103.80
898000                105.99
899000                118.06
900000                100.39
901000                105.05
902000                104.30
903000                121.33
904000                 97.14
905000                107.15
906000                108.42
907000                124.18
908000                 99.09
909000                105.23
910000                106.07
911000                120.73
912000                103.13
913000                108.47
914000                102.24
915000                123.12
916000                 98.75
917000                104.44
918000                106.50
919000                105.43
920000                120.51
921000                101.53
922000                106.98
923000                107.89
924000                123.32
925000                100.39
926000                106.87
927000                105.22
928000                119.55
929000                104.11
930000                103.45
931000                106.15
932000                106.63
933000                120.95
934000                101.90
935000                110.07
936000                108.87
937000                123.57
938000                 98.26
939000                107.19
940000                107.14
941000                109.85
942000                119.75
943000                110.36
944000                109.98
945000                125.07
946000                 99.84
947000                108.25
948000                109.80
949000                110.50
950000                122.11
951000                107.09
952000                110.17
953000                109.06
954000                122.37
955000                107.86
956000                111.63
957000                109.32
958000                122.82
959000                107.23
960000                109.85
961000                114.90
962000                123.25
963000                109.47
964000                111.55
965000                115.96
966000                115.79
967000                113.81
968000                113.74
969000                126.26
970000                105.10
971000                113.97
972000                114.08
973000                127.90
974000                107.78
975000                112.73
976000                111.75
977000                125.36
978000                110.03
979000                114.75
980000                112.34
981000                126.41
982000                107.11
983000                115.29
984000                115.78
985000                131.98
986000                107.18
987000                115.41
988000                115.11
989000                131.41
990000                110.92
991000                116.76
992000                118.76
993000                130.95
994000                112.38
995000                116.30
996000                121.23
997000                126.10
998000                107.94
999000                105.87
1000000               105.68
1001000               104.34
1002000               108.47
1003000               109.77
1004000               104.14
1005000               106.31
1006000               106.28
1007000               106.67
1008000               107.85
1009000               109.41
1010000               109.16
1011000               106.80
1012000               107.17
1013000               107.89
1014000               107.43
1015000               110.01
1016000               119.72
1017000               120.71
1018000               119.68
1019000               118.00
1020000               116.36
1021000               119.70
1022000               121.08
1023000               120.57
1024000               119.99
