4                       1.02
8                       1.05
16                      1.07
32                      1.08
64                      1.09
128                     1.28
256                     1.42
512                     2.18
1024                    2.72
2048                    3.82
4096                   12.47
8192                   17.20
16384                  32.95
32768                  44.25
65536                  69.91
131072                132.57
262144                266.12
524288                569.23
1048576              1577.70
2097152              5144.31
4194304             12725.67
8388608             26284.83
16777216            52444.73
33554432           104298.09
67108864           208132.48
134217728          417833.41
268435456          836797.65