4                       1.05
8                       1.01
16                      1.07
32                      1.05
64                      1.11
128                     1.30
256                     1.47
512                     2.23
1024                    2.72
2048                    3.82
4096                   12.43
8192                   17.18
16384                  32.85
32768                  44.99
65536                  70.54
131072                132.04
262144                263.85
524288                561.45
1048576              1585.32
2097152              5118.13
4194304             12844.10
8388608             26498.70
16777216            52794.10
33554432           105375.00
67108864           209516.93
134217728          418808.99
268435456          840680.28