4                       0.97
8                       1.00
16                      1.04
32                      1.05
64                      1.06
128                     1.24
256                     1.44
512                     2.18
1024                    2.71
2048                    3.78
4096                   12.64
8192                   17.46
16384                  32.94
32768                  44.55
65536                  70.41
131072                132.47
262144                262.77
524288                561.44
1048576              1666.53
2097152              5169.42
4194304             12851.98
8388608             26390.23
16777216            52900.42
33554432           105296.57
67108864           209304.91
134217728          418596.73
268435456          839047.09