15	4	2063.490234375
14	4	2097.09619140625
23	4	890.767333984375

4	1853.767578125
2812
21	4	546.492431640625
8	4	864.5010375976562
26	4	607.373046875
27	420	4	763.7208862304688
30	4	715.4585571289062
2	4	1269.3826904296875
17	4	362.92987060546875
	4	1373.2774658203125
0	4	1298.2886962890625
	4	246.874755859375
16	4	223.9920654296875
4	2131.11767578125
21	8	6.360415935516357130	8	5.298175811767578
28	8	6.574272155761719
	8	7.502943992614746
3	29	8	6.132768154144280	8	2.538048028945923

13	20	8	5.593535900115967
22	16	2.6587839126586914
16	2.5677759647369385
4
10	16	4.087808132171631
11	16	4.054687976837158
26	16	2.575583934783935529	16	2.2036159038543725	16	2.4436800479888916
130	16	3.9839680194854736

17	32	4.339712142944336
14	32	4.66048002243042
32	3.758080005645752
6	32	3.643872022628784
59
13	32	5.3515839576721190	22	32	3.7315199375152592	32	2.766848087310791
67

18	32	3.3665599822998047
22	64	2.7654080390930174	64	4.296703815460205
2
7	64	5.141471862792969
6	64	2.7750399112701416

5
0	64	3.2071681022644043
0	64	2.794816017150879
7
1	64	2.0915839672088623
21	128	3.2890241146087646
15	128	6.1624321937561035
12	128	4.76668787002566	113	128	4.46921586990356430	128	2.625760078430176
2	128	2.381824016571045
30	128	2.181119918823242
5
23	128	3.176448106765747
30	256	3.1336960792541507	256	5.123231887817383
1	256	4.945024013519287
10	5	256	5.08406400680542
0406	256	3.1860480308532715
17	256	3.929343938827514622	256	3.6186559200286865
29	256	4.223328113555908
21	512	4.821343898773193712	512	5.604767799377441
13	512	4.330016136169436	512	2.076672077178955
2	512	2.9672319889068604
77
25	512	3.375360012054443430	512	2.983936071395874

23	512	2.136064052581787
4
29	512	2.506272077560425
24	1024	5.8122878074646

114	1024	6.138879776000974	1024	6.592512130737305
976	1024	3.0762240886688232

129	1024	2.368160009384152617	1024	2.976032018661499

024	2.5873279571533203
25	1024	2.811903953552246
3	2048	4.140895843505859
9	12	2048	5.303679943084711613	2048	2.8203840255737318	2048	4.782303810119629

	2048	3.282399892807007
0	17	2048	1.8698240518569946
31	2048	4.60595178604126
7
25	2048	1.4816319942474365
25	4096	1.9251199960708618
2	4096	3.897439956665034	13	4096	2.926912069320676	4096	4.3106560707092285
1
15	4096	2.2176640033721924
18	4096	2.868191957473755
31	4096	2.740895986557007

29	4096	2.994335889816284

27	4096	2.884255886077881
20	8192	4.864416122436523

4	8192	5.1118078231814	9	8192	4.7984638214116	8192	2.829440116882324

0	8192	3.958847999572754
937072754
30	8192	3.67808008193969732	8192	2.847071886062622


22	8192	2.9016640186309814
19	16384	3.87481594085693325	16384	3.203360080718994
513	16384	4.015679836273196	16384	2.7056000232696533
30	16384	2.131392002105713
0	16	16384	2.5640959739629	16384	1.937440037727356
47
27	16384	1.6153279542922974
31	32768	3.1621439456939697
	32768	4.54256010055542

59	32768	4.56022405624389656	32768	1.96025598049163821	3226	32768	2.8211519718170166
22	32768	2.019360065460205
29	32768	1.6425600051879883

30	32768	2.2737278938293457
27	65536	4.4052481651306155128	65536	3.62227201461792
29	65536	3.193023920059204
3
36	5.3288960456848145
55230	65536	2.255968093872072	25	65536	3.407615900039673

23	131072	6.5491838455200197	131072	3.4915521144866943
6	131072	4.90451192855835
4	131072	7.032095909118652
578
	131072	2.7298240661621092129	131072	3.347359895706176821	131072	3.140928030014026	131072	4.000703811645508

17
20	262144	4.511839866638184
13	262144	5.2357120513916025	262144	6.157536029815674
10	262144	5.2358717918396
7	262144	4.869311809539795
112	262144	4.844480037689209
0	262144	4.136832237243652


26	262144	2.368896007537842

20	524288	5.8824319839477546	524288	7.170015811920166
5	524288	3.371871948242187517	524288	2.5250558853140	52416	524288	4.585696220397949
553
8	4.857823848724365
27	524288	6.548223972320557
31	1048576	8.622847557067871
113	1048576	9.872287750244145	22	1048576	7.58403205871582023	1048576	7.8770880699157712	1048576	8.358688354492188
	19	1048576	2.183648109436035
	1048576	3.197312116622925
3	2097152	10.370304107666016

18	2097152	11.736672401428225	2097152	10.173567771911625

15	2097152	6.260447978973389
6	2097152	5.059232234954834
8
7	2097152	3.370752096176147522	2097152	8.862591743469238
19	2097152	6.932447910308838

2	2097152	2.9820799827575684
30	4194304	7.4318718910217285
31	4194304	10.39510440826416
4194304	12.823616027832031
9115	4194304	9.272671699523926
1
28	4194304	13.787936210632324
	4194304	5.61894416809082
74
2	4194304	8.014431953430176
6
3	8388608	20.22928047180175828	8388608	17.331424713134766
4
12	8388608	18.552223205566406
31	8388608	13.827232360839844
5	8388608	11.444031715393066
30	8388608	13.251872062683105
9	8388608	14.5614404678344724	8388608	15.581727981567383
8
23	16777216	19.480607986450195
29	16777216	14.956895828247077	16777216	17.748640060424805
99	6	16777216	16.593727111816406
27	16777216	11.429823875427246
31	16777216	13.435711860656738
19	16777216	12.3689918518061	120	16777216	25.867103576660156
21	16777216	11.858688354492188
3	33554432	58.26681518554687526	33554432	55.83679962158203
	33554432	57.60211181640625
2
9	6	33554432	58.429054260253906
25	33554432	50.2417297331	33554432	40.440673828125
14642334
219	33554432	39.750465393066401	33554432	27.41360092163086
4
4
0	33554432	55.93766403198242
23	67108864	65.15497589111328
	67108864	100.60537719726562
6	67108864	91.36016082763672
5	6713	67108864	107.350784301757816	67108864	87.3563232421875
131	67108864	53.5237121582031252	67108864	56.158878326416016

20	67108864	63.27782440185547
20	134217728	129.44589233398438
14	134217728	160.3620147705078
15	134217728	159.15434211	135	134217728	166.78294372558594
266227	134217728	118.3425903320312531	134217728	89.56963348388672
0	134217728	70.95680236816406
91	134217728	123.24015808105469

22	268435456	172.49066162109375
	268435456	241.04867553710938
612	268435456	241.24502563476562
	268435456	253.54374694824220	268435456	172.24464416503906
44
4	268435456	222.8724822998047
5
1	268435456	187.86883544921875
18	268435456	138.87356567382812

20	268435456	217.80099487304688
31	536870912	797.96435546875
5
3	536870912	838.29919433595	536870912	949.2317504882812
40625
8	536870912	986.0016479492188

4	536870912	809.4813842773438

13	536870912	1003.2305297851567	536870912	870.5877685546875
130	536870912	223.45436096191406
36870912	674.795166015625
12
