# OSU MPI Latency Test v5.7
# Size          Latency (us)
4000                    4.07
5000                    4.79
6000                    5.02
7000                    5.94
8000                    5.20
9000                    5.34
10000                   5.64
11000                   5.88
12000                   6.11
13000                   7.57
14000                   7.55
15000                   7.75
16000                   7.93
17000                   8.07
18000                   8.24
19000                   8.42
20000                   8.94
21000                   9.34
22000                   8.84
23000                   8.97
24000                   9.06
25000                   9.21
26000                  10.42
27000                  10.07
28000                  10.11
29000                   9.98
30000                   9.90
31000                  12.08
32000                  10.11
33000                  10.32
34000                  10.40
35000                  10.96
36000                  10.45
37000                  10.62
38000                  11.41
39000                  11.12
40000                  11.63
41000                  11.05
42000                  11.45
43000                  11.56
44000                  11.29
45000                  11.38
46000                  11.55
47000                  11.71
48000                  12.69
49000                  12.08
50000                  12.20
51000                  12.63
52000                  12.90
53000                  12.37
54000                  12.59
55000                  12.67
56000                  12.78
57000                  13.25
58000                  12.96
59000                  13.29
60000                  12.81
61000                  12.85
62000                  13.32
63000                  13.42
64000                  13.36
65000                  13.49
66000                  13.43
67000                  13.49
68000                  13.67
69000                  13.86
70000                  14.00
71000                  14.23
72000                  14.59
73000                  14.68
74000                  15.10
75000                  14.86
76000                  14.95
77000                  15.12
78000                  15.32
79000                  15.53
80000                  15.83
81000                  15.92
82000                  15.87
83000                  15.96
84000                  16.14
85000                  16.30
86000                  16.49
87000                  16.95
88000                  17.21
89000                  17.27
90000                  17.50
91000                  17.88
92000                  17.53
93000                  17.63
94000                  17.94
95000                  17.84
96000                  17.95
97000                  18.06
98000                  18.21
99000                  18.30
100000                 18.45
101000                 19.06
102000                 18.73
103000                 18.85
104000                 19.01
105000                 19.29
106000                 19.37
107000                 19.45
108000                 19.60
109000                 19.76
110000                 19.91
111000                 20.08
112000                 20.23
113000                 20.46
114000                 20.58
115000                 20.81
116000                 21.23
117000                 21.89
118000                 21.42
119000                 21.55
120000                 21.53
121000                 21.67
122000                 21.74
123000                 21.94
124000                 22.05
125000                 22.13
126000                 22.28
127000                 22.47
128000                 22.56
129000                 22.73
130000                 22.84
131000                 22.98
132000                 23.07
133000                 23.30
134000                 23.41
135000                 23.44
136000                 23.50
137000                 23.63
138000                 23.76
139000                 24.28
140000                 24.56
141000                 24.36
142000                 24.24
143000                 24.21
144000                 24.34
145000                 24.42
146000                 24.55
147000                 24.58
148000                 24.66
149000                 24.81
150000                 24.84
151000                 24.81
152000                 24.87
153000                 25.01
154000                 25.00
155000                 25.11
156000                 25.21
157000                 25.28
158000                 25.37
159000                 25.38
160000                 26.06
161000                 26.17
162000                 26.10
163000                 26.10
164000                 26.01
165000                 26.07
166000                 26.10
167000                 26.19
168000                 26.31
169000                 26.38
170000                 26.51
171000                 26.52
172000                 26.65
173000                 26.78
174000                 26.85
175000                 26.86
176000                 26.94
177000                 27.08
178000                 27.20
179000                 27.26
180000                 27.74
181000                 28.15
182000                 27.74
183000                 27.66
184000                 28.08
185000                 27.76
186000                 27.85
187000                 27.87
188000                 27.97
189000                 28.21
190000                 28.19
191000                 28.19
192000                 28.28
193000                 28.41
194000                 28.48
195000                 28.63
196000                 28.70
197000                 28.81
198000                 28.99
199000                 29.21
200000                 29.35
201000                 29.31
202000                 29.16
203000                 29.22
204000                 29.29
205000                 29.48
206000                 29.54
207000                 29.65
208000                 29.72
209000                 29.78
210000                 29.82
211000                 29.90
212000                 30.00
213000                 30.24
214000                 30.19
215000                 30.21
216000                 30.53
217000                 30.95
218000                 31.04
219000                 30.64
220000                 30.57
221000                 30.92
222000                 30.95
223000                 31.03
224000                 31.03
225000                 31.07
226000                 31.18
227000                 31.22
228000                 31.26
229000                 31.42
230000                 31.68
231000                 31.72
232000                 31.68
233000                 32.02
234000                 32.46
235000                 32.46
236000                 32.37
237000                 32.50
238000                 32.48
239000                 32.34
240000                 32.42
241000                 32.46
242000                 32.64
243000                 32.74
244000                 32.91
245000                 32.99
246000                 33.08
247000                 33.21
248000                 33.15
249000                 33.60
250000                 33.86
251000                 33.74
252000                 33.72
253000                 33.68
254000                 33.75
255000                 33.97
256000                 33.87
257000                 33.95
258000                 33.93
259000                 34.10
260000                 34.19
261000                 34.28
262000                 34.37
263000                 34.36
264000                 34.42
265000                 35.01
266000                 35.12
267000                 35.02
268000                 34.91
269000                 34.86
270000                 34.98
271000                 35.11
272000                 35.13
273000                 35.24
274000                 35.50
275000                 35.49
276000                 35.56
277000                 35.60
278000                 35.73
279000                 35.82
280000                 36.50
281000                 36.46
282000                 36.24
283000                 36.28
284000                 36.26
285000                 36.37
286000                 36.40
287000                 36.58
288000                 36.77
289000                 36.74
290000                 36.73
291000                 36.85
292000                 36.93
293000                 36.94
294000                 37.78
295000                 37.65
296000                 37.48
297000                 37.39
298000                 37.39
299000                 37.57
300000                 37.62
301000                 37.69
302000                 37.73
303000                 37.74
304000                 37.82
305000                 38.43
306000                 37.99
307000                 38.31
308000                 38.98
309000                 38.84
310000                 38.56
311000                 38.63
312000                 38.71
313000                 38.74
314000                 38.90
315000                 38.96
316000                 38.99
317000                 39.09
318000                 39.13
319000                 39.12
320000                 39.36
321000                 39.79
322000                 40.06
323000                 39.94
324000                 39.96
325000                 40.05
326000                 40.26
327000                 40.28
328000                 40.40
329000                 40.45
330000                 40.50
331000                 40.58
332000                 40.74
333000                 40.80
334000                 40.86
335000                 40.92
336000                 41.03
337000                 41.11
338000                 41.17
339000                 41.25
340000                 41.92
341000                 41.82
342000                 41.88
343000                 41.97
344000                 42.10
345000                 42.73
346000                 42.72
347000                 42.46
348000                 42.21
349000                 42.25
350000                 42.40
351000                 42.43
352000                 42.63
353000                 42.92
354000                 43.15
355000                 43.51
356000                 42.94
357000                 43.08
358000                 43.03
359000                 43.07
360000                 43.27
361000                 43.41
362000                 43.86
363000                 43.81
364000                 43.63
365000                 43.71
366000                 43.72
367000                 43.78
368000                 43.86
369000                 44.24
370000                 44.14
371000                 44.09
372000                 44.20
373000                 44.59
374000                 45.03
375000                 44.89
376000                 44.58
377000                 44.82
378000                 45.09
379000                 45.18
380000                 45.18
381000                 45.22
382000                 45.27
383000                 45.26
384000                 45.26
385000                 45.44
386000                 46.10
387000                 45.43
388000                 45.43
389000                 45.50
390000                 45.57
391000                 45.63
392000                 45.71
393000                 45.78
394000                 45.93
395000                 46.03
396000                 46.17
397000                 46.64
398000                 46.91
399000                 46.62
400000                 46.58
401000                 46.74
402000                 46.95
403000                 46.95
404000                 46.87
405000                 47.11
406000                 47.25
407000                 47.43
408000                 47.66
409000                 48.16
410000                 47.96
411000                 47.86
412000                 47.95
413000                 48.04
414000                 48.22
415000                 48.27
416000                 48.34
417000                 48.49
418000                 48.57
419000                 48.78
420000                 49.44
421000                 49.05
422000                 49.12
423000                 49.16
424000                 49.17
425000                 49.32
426000                 49.57
427000                 49.81
428000                 49.82
429000                 49.86
430000                 50.42
431000                 50.86
432000                 50.48
433000                 50.46
434000                 50.38
435000                 50.76
436000                 50.77
437000                 50.64
438000                 50.72
439000                 50.82
440000                 50.80
441000                 51.60
442000                 51.38
443000                 52.88
444000                 52.77
445000                 52.34
446000                 52.31
447000                 53.15
448000                 52.85
449000                 52.88
450000                 52.86
451000                 53.59
452000                 53.12
453000                 53.22
454000                 53.07
455000                 52.96
456000                 52.95
457000                 53.04
458000                 53.16
459000                 53.07
460000                 53.10
461000                 53.37
462000                 53.16
463000                 53.10
464000                 53.07
465000                 53.04
466000                 53.21
467000                 53.21
468000                 53.34
469000                 53.24
470000                 53.35
471000                 54.00
472000                 53.71
473000                 53.44
474000                 53.42
475000                 53.60
476000                 54.40
477000                 53.99
478000                 54.19
479000                 54.56
480000                 54.88
481000                 55.50
482000                 55.20
483000                 55.02
484000                 55.03
485000                 55.15
486000                 55.30
487000                 55.44
488000                 55.60
489000                 55.48
490000                 55.69
491000                 55.84
492000                 55.55
493000                 55.44
494000                 55.53
495000                 55.50
496000                 55.86
497000                 55.77
498000                 55.81
499000                 55.97
500000                 57.09
501000                 56.53
502000                 56.36
503000                 56.39
504000                 56.42
505000                 56.54
506000                 56.67
507000                 57.14
508000                 57.74
509000                 59.86
510000                 60.24
511000                 60.24
512000                 60.24
513000                 60.24
514000                 60.24
515000                 60.26
516000                 60.24
517000                 60.26
518000                 60.24
519000                 60.24
520000                 60.24
521000                 60.25
522000                 60.27
523000                 60.26
524000                 60.24
525000                 60.24
526000                 60.26
527000                 60.34
528000                 60.26
529000                 60.32
530000                 60.24
531000                 60.34
532000                 60.45
533000                 60.24
534000                 60.27
535000                 60.27
536000                 60.42
537000                 60.27
538000                 60.25
539000                 60.27
540000                 60.24
541000                 60.33
542000                 60.60
543000                 60.36
544000                 60.52
545000                 61.04
546000                 60.53
547000                 60.49
548000                 60.63
549000                 60.70
550000                 60.56
551000                 60.66
552000                 61.12
553000                 61.08
554000                 60.98
555000                 60.72
556000                 60.77
557000                 60.57
558000                 60.62
559000                 60.57
560000                 60.84
561000                 60.93
562000                 61.49
563000                 61.01
564000                 60.82
565000                 60.89
566000                 60.82
567000                 61.03
568000                 61.31
569000                 61.60
570000                 61.86
571000                 63.00
572000                 62.86
573000                 63.43
574000                 62.35
575000                 62.33
576000                 62.64
577000                 63.06
578000                 62.61
579000                 63.56
580000                 63.33
581000                 62.84
582000                 63.09
583000                 63.20
584000                 63.06
585000                 63.27
586000                 63.44
587000                 64.46
588000                 65.23
589000                 63.77
590000                 63.74
591000                 63.75
592000                 63.88
593000                 63.96
594000                 63.97
595000                 64.05
596000                 65.07
597000                 64.66
598000                 64.62
599000                 64.68
600000                 64.66
601000                 64.85
602000                 64.85
603000                 65.30
604000                 65.60
605000                 66.59
606000                 65.58
607000                 65.62
608000                 65.66
609000                 65.85
610000                 65.82
611000                 66.08
612000                 66.48
613000                 67.91
614000                 67.12
615000                 67.03
616000                 67.39
617000                 67.42
618000                 67.43
619000                 67.57
620000                 67.85
621000                 68.15
622000                 68.01
623000                 68.01
624000                 67.91
625000                 67.88
626000                 67.98
627000                 67.91
628000                 68.54
629000                 68.35
630000                 68.01
631000                 68.11
632000                 67.98
633000                 68.00
634000                 68.09
635000                 68.20
636000                 68.25
637000                 68.81
638000                 68.47
639000                 68.42
640000                 68.51
641000                 68.50
642000                 68.40
643000                 68.39
644000                 68.98
645000                 68.67
646000                 68.37
647000                 68.41
648000                 68.50
649000                 68.52
650000                 68.50
651000                 68.61
652000                 70.34
653000                 69.40
654000                 69.26
655000                 69.51
656000                 69.77
657000                 70.00
658000                 69.99
659000                 70.64
660000                 70.66
661000                 70.44
662000                 70.49
663000                 70.53
664000                 70.73
665000                 70.58
666000                 70.83
667000                 71.43
668000                 70.74
669000                 70.78
670000                 70.65
671000                 70.72
672000                 70.79
673000                 70.78
674000                 71.82
675000                 71.11
676000                 71.19
677000                 71.35
678000                 71.64
679000                 71.32
680000                 71.23
681000                 73.05
682000                 73.47
683000                 73.45
684000                 75.24
685000                 75.32
686000                 75.32
687000                 75.30
688000                 75.30
689000                 75.32
690000                 75.32
691000                 75.30
692000                 75.30
693000                 75.30
694000                 75.30
695000                 75.50
696000                 75.32
697000                 75.30
698000                 75.30
699000                 75.30
700000                 75.30
701000                 75.30
702000                 75.39
703000                 75.27
704000                 74.80
705000                 74.53
706000                 74.62
707000                 74.63
708000                 74.88
709000                 75.36
710000                 75.40
711000                 75.40
712000                 75.44
713000                 75.47
714000                 75.51
715000                 75.55
716000                 75.88
717000                 75.71
718000                 76.09
719000                 75.61
720000                 75.79
721000                 75.75
722000                 75.81
723000                 75.96
724000                 75.83
725000                 75.96
726000                 75.57
727000                 75.52
728000                 75.73
729000                 75.64
730000                 76.14
731000                 75.85
732000                 75.74
733000                 75.58
734000                 75.68
735000                 75.95
736000                 75.62
737000                 76.73
738000                 75.94
739000                 75.67
740000                 75.69
741000                 75.81
742000                 75.95
743000                 75.88
744000                 77.12
745000                 76.42
746000                 76.79
747000                 76.67
748000                 76.88
749000                 76.86
750000                 76.74
751000                 77.80
752000                 77.52
753000                 77.09
754000                 77.32
755000                 77.52
756000                 77.58
757000                 77.78
758000                 78.91
759000                 78.60
760000                 78.33
761000                 78.34
762000                 78.78
763000                 78.58
764000                 79.01
765000                 79.96
766000                 79.64
767000                 79.83
768000                 79.96
769000                 79.90
770000                 79.98
771000                 80.29
772000                 80.28
773000                 80.34
774000                 80.46
775000                 80.46
776000                 80.42
777000                 80.60
778000                 80.89
779000                 80.67
780000                 80.57
781000                 81.54
782000                 81.49
783000                 81.27
784000                 81.31
785000                 81.98
786000                 81.81
787000                 81.57
788000                 81.56
789000                 81.60
790000                 81.94
791000                 81.97
792000                 83.01
793000                 82.31
794000                 82.10
795000                 81.98
796000                 81.96
797000                 81.46
798000                 81.98
799000                 82.32
800000                 81.59
801000                 81.55
802000                 81.93
803000                 81.98
804000                 82.14
805000                 83.44
806000                 82.20
807000                 82.39
808000                 82.60
809000                 82.72
810000                 82.77
811000                 83.72
812000                 83.22
813000                 83.18
814000                 83.24
815000                 83.28
816000                 83.24
817000                 83.89
818000                 83.60
819000                 83.56
820000                 83.45
821000                 83.50
822000                 83.65
823000                 83.51
824000                 84.69
825000                 83.64
826000                 83.65
827000                 83.58
828000                 83.56
829000                 83.82
830000                 85.79
831000                 85.66
832000                 85.95
833000                 86.00
834000                 86.23
835000                 86.35
836000                 87.46
837000                 86.70
838000                 86.57
839000                 86.24
840000                 86.27
841000                 86.36
842000                 86.69
843000                 86.06
844000                 85.94
845000                 85.99
846000                 86.00
847000                 85.95
848000                 86.73
849000                 86.47
850000                 86.28
851000                 86.44
852000                 86.41
853000                 86.62
854000                 86.92
855000                 87.77
856000                 86.97
857000                 87.01
858000                 87.16
859000                 87.53
860000                 88.48
861000                 89.64
862000                 87.99
863000                 87.97
864000                 88.12
865000                 88.43
866000                 88.76
867000                 89.15
868000                 88.55
869000                 88.93
870000                 88.61
871000                 88.54
872000                 88.77
873000                 89.43
874000                 88.68
875000                 89.27
876000                 89.25
877000                 90.35
878000                 90.53
879000                 90.43
880000                 90.41
881000                 90.37
882000                 90.38
883000                 90.38
884000                 90.53
885000                 90.39
886000                 90.44
887000                 90.36
888000                 90.38
889000                 90.42
890000                 90.44
891000                 90.48
892000                 90.38
893000                 90.38
894000                 90.41
895000                 90.41
896000                 90.97
897000                 90.47
898000                 90.42
899000                 90.56
900000                 90.76
901000                 90.84
902000                 91.32
903000                 90.93
904000                 90.88
905000                 90.98
906000                 91.25
907000                 91.11
908000                 91.67
909000                 91.79
910000                 91.38
911000                 91.17
912000                 91.15
913000                 91.80
914000                 93.01
915000                 91.03
916000                 91.12
917000                 91.43
918000                 93.09
919000                 94.03
920000                 92.85
921000                 91.76
922000                 92.10
923000                 92.03
924000                 92.10
925000                 93.90
926000                 93.32
927000                 92.25
928000                 92.55
929000                 92.54
930000                 93.27
931000                 93.20
932000                 92.55
933000                 92.65
934000                 92.76
935000                 93.29
936000                 94.29
937000                 94.19
938000                 93.46
939000                 93.56
940000                 93.65
941000                 94.21
942000                 94.89
943000                 94.11
944000                 94.32
945000                 94.77
946000                 94.88
947000                 96.34
948000                 95.36
949000                 95.12
950000                 95.13
951000                 95.62
952000                 95.88
953000                 96.86
954000                 95.80
955000                 96.11
956000                 96.12
957000                 96.23
958000                 96.78
959000                 96.39
960000                 96.48
961000                 96.69
962000                 96.86
963000                 97.48
964000                 98.16
965000                 97.23
966000                 97.65
967000                 98.24
968000                 97.61
969000                 98.29
970000                 97.84
971000                 97.83
972000                 97.49
973000                 97.44
974000                 97.14
975000                 99.03
976000                 96.84
977000                 97.02
978000                 97.22
979000                 97.11
980000                 98.28
981000                 97.95
982000                 97.77
983000                 98.05
984000                 97.89
985000                 98.10
986000                 98.95
987000                 98.43
988000                 98.98
989000                 98.58
990000                 98.38
991000                 99.29
992000                 98.53
993000                 98.42
994000                 98.51
995000                 98.92
996000                 99.81
997000                 98.92
998000                 98.86
999000                 98.59
1000000                99.07
1001000                99.50
1002000               101.64
1003000               100.22
1004000               100.30
1005000               100.36
1006000               100.62
1007000               101.54
1008000               101.03
1009000               100.56
1010000                99.32
1011000                99.24
1012000               100.42
1013000               100.67
1014000               100.16
1015000               101.27
1016000               101.24
1017000               100.69
1018000               101.38
1019000               100.71
1020000               102.80
1021000               101.57
1022000               102.16
1023000               103.44
1024000               101.36
