4                      54.67
8                      56.03
16                     56.53
32                     56.28
64                     58.00
128                    60.31
256                    67.96
512                    78.77
1024                   99.62
2048                  152.29
4096                  231.26
8192                  390.33
16384                 486.80
32768                 821.60
65536                1145.63
131072               2206.01
262144               4334.46
524288              10257.75
1048576             20073.76
2097152             39992.11
4194304             79909.76
8388608            157064.71
16777216           309050.34
33554432           625929.71
67108864          1242199.78
134217728         2500568.89
268435456         5032380.18