4                      83.04
8                      81.94
16                     51.39
32                     52.16
64                     54.08
128                    55.99
256                    61.66
512                    75.24
1024                  100.33
2048                  148.77
4096                  226.74
8192                  384.81
16384                 420.26
32768                 614.59
65536                1123.67
131072               2177.59
262144               4275.16
524288              10068.37
1048576             19425.96
2097152             39429.35
4194304             76817.39
8388608            155517.66
16777216           314549.73
33554432           622101.12
67108864          1243971.36
134217728         2482275.29
268435456         4998084.10