4                      75.31
8                      58.20
16                     61.95
32                     55.22
64                     57.45
128                    58.91
256                    63.72
512                    74.93
1024                   98.06
2048                  150.84
4096                  227.95
8192                  398.98
16384                 453.47
32768                 665.55
65536                1375.50
131072               2198.16
262144               4282.09
524288              10259.16
1048576             19884.03
2097152             39165.24
4194304             78251.09
8388608            156336.50
16777216           315250.86
33554432           627081.87
67108864          1245443.55
134217728         2489576.06
268435456         4998118.16