4                    8674.28
8                    1316.61
16                   1297.20
32                   1304.62
64                   1320.49
128                  1311.49
256                  1322.60
512                  1319.22
1024                 1331.93
2048                 2433.41
4096                 1470.79
8192                 7763.75
16384                8738.35
32768                8747.17
65536                8707.67
131072               8646.85
262144               8440.27
524288              15054.90
1048576             20561.44
2097152             39374.10
4194304             78297.12
8388608            153319.74
16777216           308967.70
33554432           622141.34
67108864          1242691.76
134217728         2494620.98
268435456         5040999.11