4                     163.02
8                     138.95
16                    139.69
32                    135.69
64                    145.19
128                   152.61
256                   151.37
512                   176.88
1024                  202.87
2048                  314.94
4096                  445.14
8192                  750.67
16384                 859.50
32768                1188.27
65536                2302.58
131072               3850.03
262144               6976.14
524288              12586.78
1048576             28225.44
2097152             55337.07
4194304            104121.53
8388608            188055.59
16777216           333700.83
33554432           662302.17
67108864          1327381.12
134217728         2650072.51
268435456         5322923.58