4                     160.71
8                     165.36
16                    171.00
32                    160.56
64                    170.93
128                   180.83
256                   187.47
512                   170.07
1024                  208.40
2048                  298.87
4096                  427.04
8192                  737.52
16384                 959.96
32768                1298.45
65536                2275.68
131072               3776.80
262144               6722.60
524288              12358.20
1048576             28893.71
2097152             53222.25
4194304            101369.64
8388608            180456.32
16777216           336291.16
33554432           662117.43
67108864          1335063.77
134217728         2658183.88
268435456         5342820.66