4                     136.17
8                     135.33
16                    136.57
32                    136.53
64                    152.28
128                   153.33
256                   168.18
512                   185.04
1024                  215.06
2048                  319.10
4096                  423.97
8192                  739.10
16384                 868.91
32768                1025.06
65536                1442.27
131072               2468.19
262144               5535.94
524288              12928.24
1048576             28805.02
2097152             52866.28
4194304            100121.96
8388608            191909.40
16777216           335285.70
33554432           664543.14
67108864          1323762.19
134217728         2656461.54
268435456         5339799.49