4                     151.84
8                     156.85
16                    150.46
32                    109.54
64                    117.26
128                   137.61
256                   150.57
512                   170.78
1024                  205.23
2048                  302.94
4096                  438.15
8192                  746.38
16384                 902.95
32768                1124.07
65536                1427.08
131072               2449.23
262144               4845.38
524288               9379.68
1048576             27862.21
2097152             52483.31
4194304             98954.68
8388608            182713.49
16777216           336493.59
33554432           668785.18
67108864          1335241.99
134217728         2645393.20
268435456         5350675.82