4                       0.53
8                       0.53
16                      0.54
32                      0.54
64                      0.59
128                     0.65
256                     0.74
512                     1.15
1024                    1.38
2048                    1.87
4096                    6.17
8192                    8.45
16384                  13.60
32768                  19.71
65536                  33.41
131072                 66.15
262144                126.59
524288                234.18
1048576               453.82
2097152              1363.16
4194304              4409.98
8388608              9224.25
16777216            18018.56
33554432            35583.43
67108864            71186.11
134217728          141502.59
268435456          282152.26
536870912          563424.36
1073741824        1126751.72