4                       0.58
8                       0.54
16                      0.55
32                      0.60
64                      0.57
128                     0.67
256                     0.80
512                     1.17
1024                    1.41
2048                    1.89
4096                    6.25
8192                    8.64
16384                  13.57
32768                  19.64
65536                  33.55
131072                 66.01
262144                128.39
524288                234.69
1048576               465.68
2097152              1480.13
4194304              4466.71
8388608              9576.09
16777216            18471.66
33554432            36813.51
67108864            71623.21
134217728          142365.74
268435456          282701.11
536870912          564823.46
1073741824        1128065.95