4                       0.58
8                       0.54
16                      0.56
32                      0.56
64                      0.61
128                     0.68
256                     0.77
512                     1.20
1024                    1.40
2048                    1.91
4096                    6.36
8192                    8.76
16384                  14.03
32768                  20.38
65536                  34.15
131072                 65.87
262144                129.30
524288                237.93
1048576               460.90
2097152              1369.40
4194304              4357.07
8388608              9458.90
16777216            18945.31
33554432            37671.15
67108864            73077.13
134217728          142493.19
268435456          283057.09
536870912          565414.31
1073741824        1133058.50