4                       0.54
8                       0.56
16                      0.59
32                      0.56
64                      0.59
128                     0.67
256                     0.76
512                     1.16
1024                    1.46
2048                    1.87
4096                    6.41
8192                    8.67
16384                  13.88
32768                  20.32
65536                  35.03
131072                 66.41
262144                128.81
524288                238.53
1048576               465.61
2097152              1447.64
4194304              4450.26
8388608              9464.69
16777216            18713.50
33554432            37131.67
67108864            73343.12
134217728          143626.24
268435456          286386.16
536870912          569032.53
1073741824        1134912.85