# OSU MPI Latency Test v5.7
# Size          Latency (us)
100000                 19.46
101000                 19.16
102000                 19.69
103000                 20.48
104000                 19.91
105000                 20.15
106000                 20.37
107000                 20.64
108000                 21.10
109000                 20.62
110000                 20.86
111000                 21.11
112000                 20.43
113000                 20.96
114000                 21.18
115000                 21.54
116000                 21.49
117000                 21.67
118000                 21.90
119000                 21.99
120000                 22.85
121000                 22.72
122000                 22.84
123000                 22.96
124000                 23.25
125000                 23.80
126000                 23.53
127000                 23.44
128000                 23.39
129000                 23.48
130000                 24.43
131000                 24.34
132000                 24.37
133000                 24.09
134000                 24.53
135000                 25.08
136000                 24.74
137000                 24.91
138000                 25.24
139000                 25.58
140000                 25.74
141000                 26.46
142000                 24.91
143000                 25.14
144000                 25.51
145000                 25.61
146000                 25.70
147000                 25.67
148000                 26.03
149000                 26.21
150000                 26.01
151000                 26.46
152000                 26.41
153000                 27.06
154000                 26.73
155000                 26.28
156000                 26.35
157000                 26.56
158000                 26.55
159000                 26.67
160000                 26.84
161000                 26.80
162000                 26.93
163000                 26.87
164000                 27.19
165000                 27.62
166000                 27.73
167000                 27.53
168000                 26.92
169000                 27.52
170000                 27.98
171000                 27.90
172000                 27.68
173000                 27.97
174000                 28.30
175000                 28.01
176000                 28.43
177000                 28.72
178000                 29.68
179000                 29.19
180000                 28.20
181000                 28.58
182000                 28.76
183000                 28.83
184000                 28.86
185000                 29.32
186000                 29.23
187000                 29.12
188000                 29.66
189000                 29.76
190000                 29.61
191000                 29.27
192000                 28.86
193000                 29.37
194000                 29.37
195000                 29.39
196000                 29.47
197000                 29.75
198000                 30.57
199000                 30.15
200000                 30.53
201000                 31.01
202000                 31.21
203000                 31.11
204000                 30.55
205000                 31.76
206000                 31.64
207000                 31.22
208000                 31.11
209000                 31.29
210000                 31.23
211000                 31.38
212000                 31.57
213000                 31.62
214000                 31.54
215000                 31.79
216000                 31.89
217000                 31.51
218000                 31.66
219000                 31.96
220000                 32.08
221000                 32.13
222000                 32.02
223000                 32.18
224000                 32.37
225000                 32.51
226000                 32.88
227000                 32.59
228000                 33.03
229000                 32.78
230000                 32.88
231000                 33.10
232000                 33.15
233000                 33.20
234000                 33.22
235000                 33.34
236000                 33.40
237000                 33.61
238000                 33.98
239000                 33.99
240000                 33.93
241000                 33.87
242000                 34.70
243000                 34.39
244000                 34.58
245000                 34.61
246000                 34.63
247000                 34.70
248000                 34.76
249000                 35.16
250000                 34.96
251000                 35.05
252000                 34.90
253000                 35.45
254000                 35.34
255000                 35.30
256000                 35.34
257000                 35.44
258000                 35.69
259000                 36.09
260000                 36.22
261000                 35.95
262000                 35.67
263000                 35.87
264000                 35.84
265000                 35.88
266000                 36.09
267000                 36.08
268000                 36.24
269000                 36.91
270000                 37.48
271000                 38.14
272000                 37.70
273000                 36.68
274000                 37.02
275000                 38.04
276000                 37.09
277000                 37.14
278000                 37.79
279000                 39.02
280000                 40.87
281000                 43.86
282000                 41.64
283000                 37.97
284000                 37.66
285000                 37.96
286000                 37.93
287000                 37.88
288000                 38.17
289000                 38.76
290000                 38.66
291000                 38.75
292000                 38.25
293000                 38.56
294000                 38.51
295000                 38.77
296000                 39.09
297000                 38.85
298000                 39.07
299000                 40.10
300000                 39.54
301000                 38.90
302000                 38.85
303000                 39.05
304000                 39.20
305000                 39.04
306000                 38.96
307000                 39.08
308000                 39.53
309000                 39.79
310000                 39.71
311000                 39.65
312000                 39.92
313000                 39.76
314000                 40.15
315000                 40.36
316000                 40.49
317000                 40.45
318000                 40.89
319000                 40.75
320000                 40.58
321000                 40.86
322000                 40.88
323000                 40.96
324000                 41.18
325000                 41.13
326000                 41.45
327000                 41.87
328000                 41.42
329000                 41.51
330000                 41.63
331000                 41.72
332000                 41.66
333000                 41.62
334000                 41.87
335000                 42.19
336000                 42.44
337000                 41.83
338000                 42.01
339000                 42.10
340000                 42.16
341000                 42.31
342000                 42.38
343000                 42.11
344000                 43.72
345000                 43.02
346000                 42.36
347000                 42.65
348000                 42.92
349000                 42.86
350000                 42.88
351000                 43.07
352000                 43.43
353000                 43.80
354000                 43.96
355000                 44.43
356000                 44.60
357000                 44.33
358000                 44.10
359000                 43.87
360000                 43.83
361000                 44.54
362000                 45.14
363000                 45.30
364000                 45.50
365000                 45.67
366000                 45.42
367000                 45.30
368000                 44.78
369000                 45.02
370000                 44.94
371000                 45.06
372000                 45.48
373000                 45.47
374000                 45.90
375000                 45.90
376000                 45.66
377000                 45.77
378000                 45.79
379000                 45.84
380000                 45.80
381000                 45.90
382000                 46.10
383000                 46.30
384000                 46.03
385000                 46.12
386000                 45.91
387000                 45.98
388000                 46.40
389000                 46.47
390000                 46.91
391000                 47.29
392000                 46.83
393000                 46.69
394000                 46.93
395000                 46.97
396000                 47.08
397000                 47.41
398000                 47.74
399000                 47.75
400000                 47.29
401000                 47.41
402000                 47.98
403000                 47.95
404000                 47.97
405000                 48.22
406000                 48.46
407000                 48.63
408000                 48.17
409000                 48.21
410000                 48.68
411000                 48.73
412000                 49.04
413000                 49.53
414000                 49.67
415000                 49.35
416000                 49.42
417000                 49.54
418000                 50.07
419000                 50.14
420000                 50.58
421000                 50.89
422000                 50.54
423000                 50.50
424000                 50.87
425000                 51.15
426000                 50.96
427000                 51.29
428000                 51.34
429000                 51.44
430000                 50.61
431000                 51.10
432000                 51.44
433000                 51.60
434000                 51.70
435000                 51.86
436000                 51.95
437000                 51.71
438000                 52.09
439000                 52.49
440000                 52.02
441000                 52.14
442000                 53.09
443000                 53.70
444000                 53.42
445000                 52.66
446000                 53.05
447000                 53.02
448000                 53.24
449000                 53.70
450000                 54.29
451000                 53.49
452000                 53.13
453000                 54.07
454000                 53.83
455000                 54.34
456000                 54.29
457000                 54.56
458000                 54.89
459000                 54.16
460000                 54.02
461000                 54.42
462000                 54.47
463000                 54.34
464000                 54.29
465000                 55.62
466000                 55.59
467000                 54.05
468000                 54.93
469000                 55.70
470000                 55.76
471000                 56.08
472000                 57.04
473000                 58.44
474000                 56.65
475000                 56.80
476000                 56.50
477000                 56.45
478000                 57.19
479000                 58.90
480000                 58.98
481000                 58.17
482000                 59.22
483000                 59.23
484000                 60.14
485000                 60.18
486000                 59.83
487000                 59.61
488000                 59.99
489000                 59.77
490000                 59.97
491000                 60.29
492000                 60.27
493000                 60.14
494000                 60.24
495000                 60.24
496000                 60.13
497000                 60.15
498000                 59.97
499000                 58.10
500000                 59.29
501000                 58.93
502000                 58.80
503000                 59.26
504000                 60.15
505000                 58.96
506000                 59.07
507000                 59.12
508000                 59.77
509000                 59.76
510000                 60.07
511000                 60.24
512000                 59.66
513000                 60.12
514000                 60.11
515000                 60.00
516000                 60.62
517000                 60.99
518000                 60.06
519000                 59.66
520000                 60.48
521000                 60.63
522000                 60.53
523000                 60.78
524000                 60.83
525000                 61.04
526000                 60.62
527000                 60.78
528000                 60.67
529000                 61.01
530000                 61.28
531000                 60.69
532000                 60.98
533000                 61.45
534000                 61.14
535000                 62.94
536000                 62.56
537000                 62.03
538000                 61.75
539000                 62.06
540000                 62.38
541000                 63.43
542000                 62.31
543000                 61.87
544000                 62.71
545000                 60.96
546000                 61.75
547000                 62.72
548000                 62.96
549000                 61.60
550000                 61.90
551000                 62.16
552000                 62.41
553000                 63.22
554000                 63.45
555000                 61.96
556000                 62.34
557000                 62.10
558000                 61.94
559000                 63.17
560000                 63.34
561000                 61.72
562000                 62.68
563000                 63.01
564000                 63.40
565000                 65.54
566000                 63.76
567000                 63.80
568000                 64.32
569000                 64.19
570000                 64.86
571000                 65.31
572000                 65.16
573000                 67.21
574000                 64.76
575000                 65.27
576000                 65.70
577000                 65.92
578000                 66.83
579000                 66.27
580000                 65.12
581000                 66.08
582000                 66.15
583000                 66.46
584000                 67.33
585000                 66.57
586000                 66.33
587000                 66.52
588000                 65.96
589000                 66.50
590000                 67.87
591000                 66.56
592000                 66.33
593000                 66.00
594000                 66.94
595000                 67.14
596000                 68.68
597000                 67.43
598000                 78.66
599000                 68.16
600000                 68.16
601000                 69.19
602000                 68.53
603000                 68.18
604000                 68.39
605000                 68.61
606000                 68.92
607000                 68.86
608000                 68.64
609000                 68.84
610000                 68.18
611000                 68.58
612000                 69.38
613000                 68.43
614000                 68.83
615000                 68.59
616000                 68.80
617000                 69.55
618000                 68.72
619000                 68.92
620000                 68.74
621000                 69.05
622000                 70.14
623000                 68.56
624000                 69.03
625000                 69.58
626000                 69.62
627000                 70.33
628000                 70.90
629000                 69.39
630000                 69.85
631000                 70.25
632000                 70.96
633000                 72.00
634000                 70.55
635000                 70.79
636000                 71.07
637000                 71.07
638000                 72.62
639000                 71.57
640000                 71.46
641000                 71.21
642000                 70.65
643000                 72.50
644000                 71.96
645000                 71.02
646000                 69.89
647000                 71.39
648000                 71.27
649000                 71.70
650000                 72.62
651000                 71.67
652000                 72.41
653000                 72.79
654000                 73.58
655000                 74.83
656000                 73.36
657000                 73.93
658000                 74.23
659000                 74.85
660000                 74.76
661000                 74.37
662000                 74.17
663000                 74.38
664000                 74.98
665000                 74.39
666000                 72.68
667000                 73.27
668000                 73.76
669000                 73.24
670000                 74.74
671000                 75.10
672000                 73.92
673000                 75.69
674000                 74.94
675000                 75.28
676000                 75.33
677000                 73.84
678000                 74.93
679000                 74.55
680000                 75.00
681000                 75.25
682000                 74.55
683000                 74.67
684000                 75.06
685000                 75.60
686000                 76.58
687000                 75.88
688000                 75.60
689000                 76.18
690000                 77.04
691000                 76.07
692000                 76.94
693000                 77.04
694000                 77.24
695000                 77.89
696000                 75.98
697000                 76.72
698000                 76.67
699000                 76.57
700000                 78.24
701000                 76.96
702000                 76.36
703000                 77.24
704000                 77.33
705000                 78.60
706000                 77.00
707000                 77.01
708000                 76.96
709000                 78.54
710000                 78.48
711000                 76.70
712000                 78.60
713000                 77.68
714000                 78.82
715000                 78.88
716000                 76.67
717000                 78.11
718000                 78.47
719000                 79.58
720000                 79.86
721000                 78.20
722000                 78.73
723000                 78.82
724000                 80.25
725000                 80.27
726000                 79.24
727000                 79.51
728000                 80.43
729000                 80.78
730000                 79.58
731000                 79.97
732000                 80.25
733000                 80.76
734000                 79.89
735000                 81.00
736000                 80.72
737000                 81.08
738000                 83.10
739000                 81.32
740000                 82.23
741000                 82.12
742000                 81.69
743000                 81.70
744000                 80.63
745000                 81.30
746000                 81.00
747000                 82.19
748000                 81.64
749000                 81.61
750000                 81.59
751000                 82.48
752000                 82.36
753000                 80.55
754000                 82.02
755000                 81.88
756000                 82.80
757000                 82.15
758000                 81.99
759000                 82.05
760000                 82.48
761000                 83.34
762000                 81.79
763000                 82.92
764000                 82.47
765000                 82.34
766000                 83.81
767000                 82.43
768000                 82.99
769000                 83.62
770000                 84.57
771000                 83.78
772000                103.11
773000                 84.07
774000                 83.50
775000                 83.48
776000                 84.11
777000                 83.95
778000                 83.85
779000                 84.38
780000                 85.00
781000                 83.67
782000                 84.05
783000                 84.99
784000                 86.07
785000                 86.84
786000                 86.08
787000                 85.65
788000                 85.74
789000                 86.86
790000                 85.53
791000                 87.75
792000                 86.31
793000                 87.59
794000                 85.97
795000                 88.15
796000                 87.90
797000                 89.92
798000                 87.82
799000                 87.92
800000                 86.40
801000                 88.45
802000                 89.62
803000                 86.77
804000                 87.01
805000                 88.45
806000                 88.64
807000                 86.92
808000                 87.13
809000                 88.12
810000                 89.29
811000                 86.65
812000                 87.27
813000                 87.63
814000                 88.45
815000                 89.34
816000                 87.91
817000                 88.28
818000                 88.46
819000                 91.12
820000                 88.81
821000                 89.22
822000                 89.78
823000                 90.93
824000                 89.05
825000                 89.42
826000                 89.86
827000                 91.43
828000                 88.56
829000                 89.67
830000                 90.77
831000                 90.69
832000                 88.85
833000                 89.43
834000                 90.68
835000                 92.43
836000                 89.38
837000                 90.05
838000                 91.23
839000                 92.69
840000                 90.23
841000                 90.72
842000                 91.28
843000                 92.53
844000                 91.07
845000                 91.10
846000                 92.11
847000                 93.00
848000                 91.04
849000                 91.13
850000                 92.37
851000                 93.49
852000                 91.84
853000                 91.43
854000                 92.91
855000                 93.00
856000                 92.13
857000                 91.45
858000                 93.59
859000                 93.04
860000                 92.79
861000                 92.45
862000                 94.56
863000                 93.69
864000                 92.82
865000                 92.39
866000                 94.71
867000                 94.44
868000                 93.14
869000                 93.46
870000                 94.86
871000                 93.84
872000                 92.83
873000                 93.54
874000                 95.45
875000                 93.39
876000                 93.39
877000                 93.82
878000                 95.57
879000                 94.18
880000                 93.60
881000                 95.00
882000                 95.35
883000                 94.50
884000                 94.14
885000                 95.58
886000                 94.82
887000                 94.77
888000                 94.29
889000                 95.90
890000                 95.59
891000                 93.98
892000                 94.52
893000                 95.26
894000                 98.13
895000                 94.19
896000                 95.28
897000                 94.89
898000                 98.17
899000                 94.67
900000                 94.54
901000                 94.61
902000                 95.84
903000                 97.20
904000                 95.95
905000                 97.41
906000                 96.61
907000                 97.58
908000                 95.63
909000                 97.88
910000                 96.89
911000                 98.36
912000                 96.95
913000                 97.16
914000                 96.97
915000                 97.70
916000                 95.97
917000                 97.00
918000                 97.43
919000                 98.30
920000                 96.93
921000                 97.81
922000                 97.85
923000                 99.68
924000                 97.14
925000                 97.28
926000                 97.01
927000                 98.77
928000                 99.55
929000                 97.37
930000                 98.26
931000                 98.95
932000                100.16
933000                 97.99
934000                 98.59
935000                 99.60
936000                101.25
937000                 98.61
938000                 99.29
939000                101.37
940000                 98.83
941000                 98.67
942000                 98.84
943000                 99.75
944000                 97.95
945000                100.39
946000                 98.78
947000                100.84
948000                100.56
949000                100.53
950000                 99.70
951000                100.78
952000                100.86
953000                102.22
954000                101.47
955000                100.85
956000                102.48
957000                102.87
958000                101.21
959000                101.94
960000                104.22
961000                102.16
962000                102.04
963000                104.08
964000                103.82
965000                102.11
966000                103.08
967000                105.94
968000                101.65
969000                102.92
970000                103.54
971000                103.73
972000                101.72
973000                103.53
974000                105.92
975000                103.16
976000                104.71
977000                104.76
978000                105.36
979000                104.37
980000                104.86
981000                105.98
982000                104.67
983000                104.74
984000                106.15
985000                105.87
986000                105.31
987000                105.59
988000                106.91
989000                104.90
990000                105.10
991000                106.55
992000                106.45
993000                105.24
994000                105.61
995000                107.50
996000                106.15
997000                105.62
998000                105.81
999000                107.92
1000000               105.49
1001000               105.78
1002000               107.16
1003000               106.86
1004000               106.54
1005000               106.38
1006000               107.52
1007000               105.95
1008000               106.34
1009000               107.01
1010000               107.49
1011000               106.84
1012000               107.09
1013000               108.69
1014000               106.46
1015000               107.10
1016000               108.45
1017000               106.64
1018000               106.98
1019000               106.90
1020000               108.15
1021000               106.83
1022000               105.52
1023000               107.86
1024000               108.08
1025000               110.65
1026000               107.86
1027000               108.48
1028000               107.14
1029000               110.96
1030000               107.41
1031000               109.52
1032000               109.76
1033000               109.55
1034000               108.06
1035000               107.54
1036000               108.96
1037000               107.84
1038000               108.22
1039000               108.13
1040000               109.22
1041000               107.59
1042000               108.04
1043000               109.93
1044000               106.91
1045000               107.93
1046000               108.39
1047000               109.48
1048000               108.08
1049000               108.53
1050000               110.08
1051000               107.79
1052000               108.97
1053000               108.92
1054000               110.65
1055000               109.10
1056000               109.79
1057000               112.10
1058000               108.99
1059000               109.67
1060000               111.52
1061000               110.25
1062000               110.33
1063000               110.88
1064000               110.29
1065000               110.49
1066000               111.08
1067000               113.05
1068000               110.31
1069000               110.59
1070000               111.91
1071000               111.34
1072000               111.64
1073000               111.53
1074000               113.36
1075000               110.77
1076000               111.91
1077000               113.16
1078000               113.50
1079000               112.69
1080000               113.31
1081000               115.16
1082000               110.96
1083000               111.81
1084000               113.60
1085000               111.73
1086000               112.55
1087000               113.58
1088000               112.92
1089000               112.19
1090000               113.28
1091000               113.80
1092000               113.24
1093000               113.58
1094000               114.86
1095000               112.98
1096000               113.45
1097000               115.18
1098000               112.82
1099000               114.39
1100000               116.12
1101000               113.68
1102000               114.89
1103000               115.74
1104000               116.10
1105000               114.29
1106000               115.38
1107000               117.31
1108000               112.44
1109000               115.97
1110000               117.97
1111000               115.41
1112000               116.07
1113000               117.62
1114000               116.00
1115000               116.22
1116000               117.15
1117000               116.34
1118000               116.43
1119000               118.00
1120000               117.25
1121000               116.62
1122000               117.37
1123000               118.87
1124000               116.73
1125000               117.08
1126000               118.32
1127000               115.60
1128000               116.63
1129000               118.24
1130000               116.12
1131000               116.90
1132000               118.86
1133000               117.46
1134000               117.27
1135000               118.86
1136000               117.91
1137000               117.86
1138000               118.55
1139000               118.58
1140000               117.88
1141000               118.16
1142000               119.65
1143000               118.45
1144000               119.04
1145000               120.17
1146000               115.44
1147000               120.40
1148000               121.82
1149000               118.75
1150000               119.45
1151000               121.49
1152000               118.68
1153000               119.42
1154000               121.08
1155000               119.32
1156000               119.25
1157000               121.35
1158000               119.26
1159000               118.64
1160000               120.94
1161000               120.35
1162000               119.74
1163000               120.66
1164000               120.62
1165000               119.93
1166000               120.68
1167000               120.33
1168000               119.98
1169000               121.52
1170000               122.92
1171000               121.05
1172000               121.96
1173000               123.35
1174000               122.01
1175000               122.25
1176000               121.78
1177000               115.66
1178000               121.53
1179000               122.04
1180000               122.94
1181000               122.77
1182000               123.34
1183000               123.59
1184000               122.98
1185000               122.85
1186000               122.95
1187000               122.30
1188000               123.14
1189000               123.54
1190000               122.16
1191000               123.27
1192000               124.25
1193000               122.60
1194000               123.22
1195000               125.72
1196000               122.63
1197000               123.75
1198000               125.01
1199000               122.83
1200000               123.39
1201000               125.47
1202000               123.00
1203000               122.91
1204000               125.66
1205000               123.87
1206000               124.53
1207000               126.31
1208000               123.63
1209000               124.77
1210000               126.09
1211000               123.84
1212000               124.42
1213000               125.32
1214000               124.26
1215000               125.34
1216000               125.09
1217000               125.15
1218000               125.47
1219000               125.73
1220000               125.48
1221000               126.71
1222000               125.73
1223000               124.93
1224000               126.92
1225000               125.21
1226000               126.01
1227000               127.75
1228000               125.75
1229000               126.54
1230000               128.36
1231000               126.29
1232000               127.03
1233000               129.31
1234000               126.38
1235000               127.38
1236000               129.35
1237000               128.09
1238000               128.05
1239000               127.93
1240000               127.33
1241000               128.78
1242000               128.74
1243000               129.53
1244000               130.05
1245000               129.76
1246000               129.81
1247000               131.54
1248000               129.90
1249000               130.04
1250000               132.46
1251000               128.84
1252000               130.36
1253000               131.82
1254000               128.77
1255000               130.21
1256000               131.97
1257000               129.39
1258000               130.24
1259000               131.21
1260000               129.75
1261000               130.48
1262000               131.66
1263000               129.90
1264000               130.63
1265000               134.12
1266000               129.75
1267000               130.67
1268000               134.10
1269000               129.45
1270000               131.66
1271000               133.53
1272000               130.05
1273000               131.01
1274000               133.01
1275000               127.43
1276000               130.88
1277000               133.54
1278000               131.51
1279000               132.08
1280000               133.05
1281000               131.80
1282000               132.54
1283000               134.75
1284000               131.73
1285000               134.34
1286000               135.20
1287000               132.15
1288000               132.98
1289000               133.98
1290000               132.71
1291000               132.13
1292000               133.77
1293000               132.51
1294000               133.10
1295000               134.26
1296000               133.66
1297000               133.74
1298000               135.34
1299000               134.60
1300000               135.01
1301000               136.31
1302000               134.16
1303000               134.52
1304000               135.46
1305000               133.86
1306000               134.16
1307000               135.07
1308000               134.42
1309000               134.36
1310000               135.78
1311000               133.95
1312000               135.26
1313000               136.62
1314000               133.62
1315000               134.87
1316000               137.11
1317000               135.11
1318000               137.07
1319000               138.07
1320000               133.94
1321000               134.32
1322000               137.37
1323000               135.21
1324000               136.53
1325000               137.48
1326000               134.69
1327000               135.30
1328000               136.87
1329000               135.20
1330000               135.64
1331000               137.20
1332000               135.90
1333000               136.24
1334000               138.35
1335000               135.49
1336000               137.74
1337000               137.51
1338000               135.92
1339000               137.39
1340000               137.80
1341000               136.26
1342000               136.59
1343000               138.39
1344000               136.00
1345000               137.22
1346000               138.34
1347000               137.18
1348000               138.58
1349000               138.04
1350000               137.81
1351000               138.64
1352000               137.42
1353000               137.66
1354000               139.61
1355000               137.65
1356000               138.02
1357000               140.31
1358000               137.06
1359000               137.99
1360000               141.27
1361000               137.68
1362000               138.23
1363000               140.47
1364000               139.05
1365000               139.17
1366000               140.82
1367000               140.07
1368000               141.49
1369000               139.48
1370000               139.78
1371000               141.88
1372000               139.12
1373000               140.69
1374000               141.04
1375000               140.17
1376000               141.42
1377000               140.55
1378000               140.62
1379000               142.65
1380000               140.21
1381000               141.50
1382000               141.58
1383000               140.76
1384000               140.27
1385000               140.69
1386000               141.86
1387000               145.04
1388000               141.11
1389000               142.18
1390000               143.74
1391000               141.19
1392000               142.28
1393000               143.38
1394000               141.17
1395000               142.05
1396000               143.01
1397000               142.23
1398000               143.20
1399000               142.94
1400000               142.71
1401000               145.05
1402000               141.86
1403000               143.03
1404000               144.56
1405000               142.72
1406000               144.07
1407000               144.12
1408000               143.95
1409000               145.31
1410000               142.51
1411000               143.41
1412000               145.26
1413000               143.15
1414000               144.80
1415000               144.39
1416000               143.27
1417000               146.54
1418000               143.69
1419000               144.58
1420000               146.17
1421000               143.91
1422000               145.49
1423000               144.88
1424000               144.79
1425000               146.80
1426000               144.27
1427000               145.06
1428000               145.96
1429000               144.91
1430000               148.59
1431000               146.68
1432000               145.33
1433000               147.73
1434000               145.72
1435000               147.29
1436000               146.69
1437000               146.46
1438000               148.27
1439000               145.26
1440000               144.46
1441000               147.71
1442000               145.14
1443000               146.48
1444000               147.60
1445000               146.21
1446000               149.54
1447000               147.61
1448000               149.56
1449000               149.92
1450000               146.50
1451000               148.40
1452000               148.33
1453000               147.75
1454000               149.95
1455000               147.10
1456000               148.41
1457000               148.14
1458000               148.56
1459000               150.40
1460000               147.74
1461000               148.82
1462000               150.01
1463000               149.31
1464000               150.19
1465000               149.23
1466000               149.04
1467000               152.03
1468000               150.51
1469000               151.67
1470000               151.55
1471000               151.53
1472000               155.46
1473000               151.22
1474000               153.01
1475000               151.03
1476000               151.45
1477000               153.66
1478000               150.18
1479000               153.11
1480000               150.44
1481000               153.09
1482000               153.81
1483000               151.28
1484000               151.90
1485000               153.54
1486000               152.16
1487000               152.26
1488000               153.94
1489000               152.32
1490000               154.56
1491000               152.56
1492000               154.30
1493000               154.74
1494000               152.34
1495000               155.21
1496000               156.43
1497000               155.15
1498000               158.76
1499000               153.18
1500000               156.01
1501000               158.76
1502000               155.46
1503000               162.40
1504000               160.80
1505000               164.24
1506000               159.20
1507000               159.48
1508000               162.48
1509000               158.85
1510000               161.05
1511000               159.31
1512000               159.84
1513000               160.73
1514000               159.99
1515000               159.06
1516000               156.96
1517000               155.35
1518000               156.97
1519000               155.12
1520000               156.59
1521000               157.27
1522000               155.86
1523000               156.91
1524000               156.79
1525000               155.94
1526000               157.39
1527000               155.48
1528000               156.14
1529000               155.78
1530000               155.93
1531000               157.27
1532000               155.77
1533000               157.68
1534000               157.67
1535000               155.72
1536000               160.23
1537000               153.37
1538000               156.77
1539000               158.17
1540000               156.05
1541000               158.11
1542000               155.51
1543000               157.70
1544000               157.73
1545000               156.89
1546000               158.01
1547000               158.40
1548000               156.89
1549000               158.88
1550000               161.79
1551000               167.58
1552000               161.50
1553000               159.35
1554000               159.10
1555000               158.42
1556000               160.44
1557000               158.48
1558000               161.30
1559000               159.06
1560000               160.16
1561000               160.98
1562000               159.05
1563000               161.89
1564000               158.24
1565000               161.83
1566000               160.18
1567000               159.15
1568000               162.83
1569000               159.09
1570000               162.15
1571000               159.85
1572000               160.58
1573000               161.05
1574000               160.84
1575000               162.12
1576000               157.01
1577000               161.78
1578000               161.91
1579000               160.16
1580000               160.63
1581000               160.75
1582000               161.70
1583000               162.44
1584000               160.27
1585000               161.67
1586000               161.62
1587000               160.33
1588000               164.06
1589000               158.60
1590000               162.23
1591000               162.80
1592000               162.18
1593000               164.41
1594000               160.19
1595000               163.00
1596000               164.75
1597000               161.03
1598000               165.08
1599000               163.17
1600000               163.54
1601000               164.87
1602000               161.81
1603000               164.09
1604000               162.72
1605000               162.83
1606000               164.57
1607000               162.11
1608000               164.24
1609000               162.76
1610000               164.19
1611000               165.24
1612000               163.61
1613000               161.69
1614000               165.07
1615000               162.74
1616000               164.59
1617000               162.67
1618000               164.95
1619000               166.36
1620000               164.53
1621000               166.53
1622000               164.94
1623000               164.98
1624000               166.85
1625000               166.26
1626000               165.11
1627000               167.16
1628000               165.69
1629000               167.33
1630000               166.39
1631000               165.74
1632000               168.13
1633000               165.05
1634000               167.53
1635000               165.75
1636000               166.89
1637000               168.50
1638000               165.21
1639000               167.50
1640000               165.99
1641000               166.13
1642000               166.40
1643000               165.49
1644000               167.19
1645000               165.12
1646000               166.25
1647000               166.41
1648000               165.55
1649000               167.20
1650000               165.74
1651000               168.56
1652000               165.71
1653000               167.58
1654000               167.48
1655000               167.25
1656000               168.33
1657000               166.38
1658000               168.26
1659000               166.44
1660000               166.55
1661000               169.37
1662000               166.15
1663000               168.98
1664000               166.55
1665000               167.35
1666000               169.17
1667000               166.49
1668000               168.45
1669000               169.11
1670000               169.35
1671000               168.34
1672000               168.44
1673000               170.11
1674000               166.65
1675000               168.97
1676000               167.73
1677000               168.36
1678000               170.86
1679000               167.65
1680000               169.64
1681000               169.70
1682000               169.23
1683000               169.46
1684000               169.13
1685000               173.44
1686000               171.20
1687000               170.47
1688000               170.83
1689000               170.28
1690000               171.53
1691000               170.57
1692000               173.55
1693000               169.24
1694000               173.04
1695000               169.46
1696000               170.51
1697000               172.21
1698000               170.67
1699000               172.89
1700000               169.60
1701000               172.00
1702000               171.56
1703000               173.77
1704000               172.84
1705000               171.45
1706000               173.67
1707000               171.12
1708000               172.23
1709000               172.81
1710000               172.30
1711000               172.93
1712000               170.86
1713000               172.75
1714000               172.16
1715000               172.28
1716000               175.13
1717000               171.89
1718000               173.92
1719000               171.71
1720000               172.38
1721000               174.24
1722000               171.65
1723000               174.30
1724000               172.67
1725000               174.40
1726000               173.32
1727000               174.07
1728000               172.59
1729000               177.79
1730000               175.03
1731000               175.91
1732000               175.10
1733000               174.93
1734000               175.52
1735000               174.67
1736000               174.69
1737000               172.55
1738000               176.49
1739000               175.50
1740000               175.95
1741000               178.20
1742000               173.61
1743000               175.95
1744000               176.84
1745000               174.21
1746000               176.54
1747000               175.73
1748000               175.48
1749000               178.03
1750000               174.47
1751000               177.35
1752000               177.98
1753000               177.27
1754000               181.01
1755000               177.40
1756000               178.47
1757000               176.20
1758000               179.45
1759000               179.84
1760000               176.30
1761000               178.19
1762000               176.26
1763000               178.28
1764000               179.30
1765000               178.37
1766000               183.00
1767000               178.18
1768000               181.32
1769000               179.72
1770000               179.55
1771000               180.74
1772000               177.03
1773000               179.28
1774000               176.18
1775000               177.31
1776000               178.07
1777000               177.70
1778000               180.52
1779000               178.39
1780000               179.52
1781000               179.18
1782000               180.60
1783000               180.03
1784000               179.88
1785000               180.05
1786000               177.74
1787000               180.38
1788000               178.08
1789000               178.94
1790000               178.83
1791000               180.22
1792000               181.43
1793000               177.88
1794000               181.31
1795000               180.10
1796000               180.76
1797000               181.05
1798000               180.23
1799000               182.36
1800000               176.36
1801000               178.22
1802000               180.67
1803000               178.51
1804000               179.58
1805000               182.86
1806000               183.07
1807000               181.94
1808000               184.47
1809000               181.88
1810000               184.07
1811000               183.85
1812000               183.61
1813000               182.31
1814000               183.48
1815000               184.21
1816000               182.87
1817000               184.11
1818000               184.28
1819000               183.98
1820000               183.94
1821000               185.57
1822000               185.26
1823000               183.98
1824000               186.00
1825000               183.75
1826000               186.31
1827000               183.39
1828000               184.42
1829000               185.21
1830000               185.71
1831000               186.97
1832000               182.88
1833000               183.30
1834000               186.13
1835000               182.47
1836000               187.77
1837000               183.71
1838000               186.95
1839000               186.19
1840000               185.71
1841000               188.72
1842000               187.34
1843000               189.44
1844000               185.82
1845000               188.96
1846000               186.85
1847000               186.54
1848000               187.90
1849000               186.41
1850000               187.84
1851000               186.10
1852000               189.05
1853000               186.01
1854000               188.80
1855000               185.39
1856000               187.95
1857000               186.59
1858000               187.67
1859000               188.31
1860000               186.82
1861000               188.58
1862000               185.99
1863000               190.76
1864000               186.31
1865000               191.06
1866000               184.16
1867000               187.17
1868000               189.61
1869000               189.12
1870000               192.22
1871000               188.34
1872000               192.70
1873000               187.69
1874000               190.89
1875000               185.05
1876000               191.18
1877000               189.46
1878000               188.31
1879000               191.68
1880000               188.88
1881000               190.46
1882000               189.05
1883000               190.45
1884000               190.40
1885000               190.34
1886000               192.35
1887000               189.97
1888000               190.75
1889000               190.39
1890000               191.34
1891000               192.54
1892000               189.55
1893000               194.49
1894000               189.56
1895000               192.44
1896000               190.59
1897000               193.05
1898000               192.69
1899000               190.04
1900000               193.92
1901000               191.88
1902000               195.53
1903000               190.65
1904000               194.66
1905000               185.63
1906000               189.98
1907000               187.78
1908000               188.19
1909000               188.70
1910000               186.98
1911000               189.12
1912000               187.47
1913000               192.57
1914000               186.77
1915000               192.48
1916000               191.05
1917000               195.31
1918000               191.40
1919000               195.52
1920000               193.39
1921000               195.35
1922000               195.09
1923000               195.09
1924000               195.21
1925000               195.43
1926000               197.14
1927000               194.52
1928000               197.45
1929000               193.01
1930000               195.29
1931000               192.40
1932000               193.00
1933000               195.01
1934000               193.89
1935000               194.66
1936000               194.10
1937000               193.65
1938000               194.83
1939000               193.92
1940000               195.22
1941000               193.38
1942000               196.80
1943000               191.64
1944000               194.28
1945000               194.68
1946000               195.83
1947000               194.88
1948000               195.31
1949000               193.24
1950000               194.66
1951000               195.52
1952000               194.33
1953000               195.74
1954000               194.61
1955000               196.29
1956000               195.07
1957000               195.88
1958000               195.23
1959000               200.37
1960000               197.06
1961000               198.75
1962000               192.06
1963000               194.68
1964000               197.95
1965000               196.19
1966000               198.25
1967000               197.60
1968000               198.61
1969000               196.43
1970000               198.31
1971000               196.71
1972000               198.27
1973000               197.54
1974000               195.74
1975000               200.32
1976000               196.95
1977000               201.43
1978000               195.96
1979000               198.66
1980000               196.48
1981000               198.87
1982000               197.01
1983000               194.69
1984000               198.84
1985000               197.80
1986000               199.16
1987000               197.91
1988000               200.41
1989000               197.53
1990000               200.66
1991000               198.88
1992000               198.97
1993000               199.02
1994000               199.66
1995000               198.98
1996000               199.81
1997000               199.49
1998000               199.64
1999000               201.14
2000000               200.06
2001000               199.90
2002000               199.66
2003000               203.38
2004000               200.48
2005000               201.54
2006000               200.28
2007000               202.26
2008000               200.14
2009000               202.46
2010000               198.91
2011000               204.31
2012000               200.10
2013000               202.67
2014000               201.47
2015000               201.96
2016000               201.93
2017000               202.24
2018000               197.93
2019000               201.99
2020000               204.18
2021000               204.08
2022000               203.22
2023000               203.47
2024000               204.61
2025000               202.43
2026000               203.26
2027000               202.99
2028000               206.43
2029000               205.60
2030000               206.91
2031000               204.25
2032000               208.17
2033000               204.01
2034000               207.87
2035000               201.46
2036000               207.50
2037000               203.04
2038000               205.92
2039000               203.48
2040000               204.99
2041000               205.52
2042000               206.46
2043000               202.35
2044000               207.52
2045000               204.84
2046000               207.07
2047000               205.80
2048000               205.93
2049000               204.65
2050000               205.64
2051000               206.76
2052000               208.56
2053000               206.89
2054000               208.66
2055000               208.11
2056000               209.85
2057000               207.36
2058000               208.36
2059000               205.58
2060000               208.10
2061000               204.50
2062000               205.00
2063000               208.64
2064000               206.01
2065000               209.03
2066000               207.34
