# OSU MPI Latency Test v5.7
# Size          Latency (us)
4000                   84.30
5000                   92.08
6000                   98.30
7000                  103.35
8000                  108.24
9000                   87.79
10000                 100.95
11000                 101.77
12000                 149.81
13000                 129.86
14000                 114.09
15000                 116.88
16000                 170.89
17000                 118.19
18000                 124.96
19000                 128.78
20000                 211.53
21000                  96.49
22000                 131.82
23000                 131.84
24000                 199.91
25000                 123.59
26000                 139.62
27000                 220.23
28000                 115.42
29000                 145.85
30000                 213.58
31000                 106.43
32000                 151.68
33000                 169.87
34000                 188.97
35000                 156.10
36000                 173.81
37000                 201.64
38000                 164.18
39000                 178.69
40000                 215.22
41000                 166.36
42000                 223.49
43000                 171.70
44000                 169.88
45000                 243.88
46000                 154.70
47000                 184.46
48000                 234.42
49000                 173.85
50000                 247.63
51000                 155.86
52000                 178.04
53000                 249.00
54000                 171.30
55000                 222.18
56000                 191.43
57000                 187.57
58000                 271.36
59000                 159.09
60000                 192.14
61000                 248.02
62000                 179.70
63000                 258.62
64000                 192.63
65000                 198.44
66000                 423.91
67000                 430.26
68000                 437.26
69000                 427.20
70000                 351.40
71000                 429.96
72000                 445.99
73000                 427.42
74000                 469.87
75000                 332.29
76000                 401.68
77000                 456.95
78000                 464.58
79000                 382.63
80000                 447.57
81000                 424.52
82000                 435.58
83000                 496.24
84000                 405.93
85000                 430.60
86000                 436.41
87000                 433.26
88000                 418.72
89000                 460.76
90000                 327.14
91000                 427.79
92000                 435.93
93000                 416.37
94000                 378.80
95000                 413.70
96000                 446.69
97000                 469.86
98000                 336.41
99000                 411.99
100000                446.24
101000                446.24
102000                412.19
103000                396.20
104000                422.74
105000                436.66
106000                470.30
107000                338.01
108000                436.38
109000                443.82
110000                444.41
111000                480.64
112000                396.64
113000                412.36
114000                454.31
115000                461.87
116000                467.37
117000                473.30
118000                485.50
119000                364.87
120000                442.72
121000                482.52
122000                400.62
123000                439.23
124000                466.49
125000                479.63
126000                490.18
127000                480.37
128000                482.45
129000                491.20
130000                448.52
131000                384.52
132000                478.10
133000                449.70
134000                476.81
135000                474.20
136000                508.98
137000                455.24
138000                461.23
139000                440.23
140000                499.56
141000                512.05
142000                582.48
143000                474.37
144000                480.16
145000                505.56
146000                510.80
147000                515.89
148000                452.75
149000                436.88
150000                490.07
151000                385.92
152000                482.47
153000                508.38
154000                421.50
155000                499.32
156000                518.87
157000                510.17
158000                501.25
159000                505.07
160000                503.18
161000                516.57
162000                525.88
163000                460.83
164000                456.94
165000                505.61
166000                495.81
167000                508.35
168000                533.17
169000                431.07
170000                508.17
171000                519.46
172000                521.00
173000                533.87
174000                511.10
175000                522.42
176000                531.56
177000                549.81
178000                478.58
179000                494.20
180000                553.59
181000                545.24
182000                542.79
183000                547.19
184000                528.04
185000                570.20
186000                541.37
187000                572.39
188000                543.33
189000                616.20
190000                501.36
191000                502.15
192000                530.68
193000                558.29
194000                564.81
195000                559.75
196000                555.94
197000                603.73
198000                532.91
199000                573.56
200000                525.75
201000                559.41
202000                562.61
203000                533.98
204000                544.19
205000                568.39
206000                575.55
207000                562.49
208000                564.41
209000                573.59
210000                497.74
211000                521.89
212000                535.86
213000                424.09
214000                514.04
215000                468.32
216000                582.10
217000                587.94
218000                569.22
219000                612.05
220000                550.14
221000                596.30
222000                581.49
223000                567.96
224000                613.84
225000                580.27
226000                597.28
227000                598.82
228000                611.83
229000                611.71
230000                621.66
231000                668.12
232000                637.19
233000                602.28
234000                611.44
235000                627.21
236000                623.97
237000                612.49
238000                593.04
239000                623.03
240000                622.79
241000                718.47
242000                468.18
243000                742.51
244000                535.35
245000                542.44
246000                729.00
247000                615.06
248000                637.96
249000                645.15
250000                644.37
251000                730.91
252000                613.84
253000                653.62
254000                632.59
255000                657.17
256000                745.25
257000                635.80
258000                663.07
259000                649.52
260000                739.58
261000                643.99
262000                656.80
263000                663.72
264000                715.65
265000                698.51
266000                469.70
267000                635.39
268000                583.57
269000                688.72
270000                634.07
271000                679.30
272000                687.18
273000                666.80
274000                765.71
275000                526.86
276000                780.48
277000                652.17
278000                655.86
279000                675.03
280000                658.05
281000                642.24
282000                652.60
283000                636.74
284000                680.52
285000                667.28
286000                673.98
287000                670.24
288000                671.84
289000                654.45
290000                690.93
291000                694.43
292000                794.42
293000                664.65
294000                678.61
295000                676.94
296000                703.53
297000                675.74
298000                863.23
299000                675.88
300000                719.95
301000                701.05
302000                790.87
303000                723.60
304000                769.15
305000                774.59
306000                716.68
307000                717.55
308000                708.33
309000                715.58
310000                778.65
311000                714.68
312000                690.26
313000                717.50
314000                768.66
315000                806.35
316000                726.73
317000                689.69
318000                716.38
319000                559.51
320000                777.94
321000                721.52
322000                731.53
323000                664.95
324000                763.46
325000                858.76
326000                742.77
327000                787.21
328000                760.18
329000                809.33
330000                729.49
331000                704.85
332000                788.09
333000                787.95
334000                786.93
335000                734.09
336000                775.72
337000                866.64
338000                755.95
339000                779.22
340000                856.34
341000                795.28
342000                866.82
343000                818.66
344000                878.48
345000                836.55
346000                870.60
347000                782.99
348000                888.38
349000                962.29
350000                793.71
351000                834.80
352000                835.79
353000                861.24
354000                819.88
355000                914.41
356000                797.97
357000                797.07
358000               1056.24
359000                880.32
360000                827.52
361000                910.51
362000                776.05
363000                917.26
364000                834.39
365000                852.82
366000                761.95
367000                844.25
368000                924.80
369000                827.67
370000                815.74
371000                890.95
372000                843.28
373000                858.05
374000                837.06
375000                949.98
376000                820.71
377000                924.74
378000                831.05
379000                894.21
380000                849.88
381000                909.15
382000                754.67
383000                906.90
384000                826.13
385000                913.87
386000                878.28
387000               1028.75
388000                904.81
389000                861.74
390000                822.39
391000                940.95
392000                898.94
393000               1073.57
394000                768.37
395000                964.27
396000                813.66
397000                814.67
398000                934.46
399000                797.07
400000                801.30
401000                971.15
402000                836.19
403000                971.28
404000                886.56
405000                863.35
406000                823.85
407000                869.40
408000                947.45
409000                884.46
410000                982.61
411000                884.38
412000                954.35
413000                879.04
414000                893.14
415000                877.30
416000                946.19
417000                875.02
418000                841.88
419000                941.48
420000                866.16
421000                919.82
422000                892.57
423000                975.57
424000                857.67
425000               1041.48
426000                861.44
427000                943.90
428000                880.32
429000                850.76
430000                958.73
431000                914.86
432000                949.88
433000                908.76
434000               1076.58
435000                972.18
436000                954.96
437000               1090.92
438000                962.17
439000                886.30
440000               1036.69
441000                916.44
442000                977.55
443000                936.76
444000                970.69
445000               1085.42
446000                898.01
447000               1031.10
448000                823.99
449000                920.13
450000               1043.13
451000               1052.92
452000                926.60
453000                995.51
454000                996.04
455000                977.74
456000                999.58
457000               1056.66
458000                932.84
459000                974.75
460000                931.07
461000               1035.10
462000                878.69
463000               1071.33
464000                971.20
465000                946.35
466000               1041.50
467000                951.40
468000               1101.91
469000               1034.78
470000                961.93
471000                997.70
472000                900.29
473000               1004.61
474000                963.48
475000               1055.34
476000               1051.96
477000                930.31
478000               1037.49
479000               1053.10
480000                972.66
481000               1023.14
482000               1102.29
483000                988.76
484000               1069.21
485000               1015.14
486000               1093.48
487000                977.48
488000               1053.38
489000               1062.49
490000               1088.56
491000                996.58
492000               1018.98
493000               1058.44
494000                968.82
495000               1059.52
496000               1032.25
497000                950.27
498000               1045.04
499000               1108.34
500000               1002.74
501000                963.51
502000               1133.94
503000               1036.55
504000               1104.63
505000               1076.84
506000               1122.35
507000                964.30
508000               1165.03
509000               1032.45
510000                957.52
511000               1196.98
512000               1061.48
513000               1042.19
514000               1055.84
515000               1148.23
516000               1014.88
517000               1048.00
518000                983.81
519000               1077.43
520000                991.83
521000               1094.88
522000               1079.62
523000               1158.40
524000               1027.94
525000               1082.79
526000               1104.05
527000               1025.91
528000               1097.39
529000               1092.57
530000               1017.90
531000               1133.01
532000               1104.52
533000               1134.55
534000               1081.00
535000               1027.36
536000               1143.90
537000               1130.89
538000               1050.97
539000               1078.06
540000               1080.75
541000               1034.80
542000               1082.80
543000               1129.13
544000               1155.91
545000               1250.11
546000               1131.04
547000               1159.93
548000               1148.55
549000               1009.04
550000               1171.90
551000               1154.52
552000               1309.47
553000               1082.48
554000               1167.74
555000               1011.89
556000               1088.79
557000               1093.87
558000               1085.96
559000               1146.87
560000               1164.83
561000               1167.84
562000               1046.94
563000               1108.82
564000               1286.01
565000               1115.26
566000                995.68
567000               1114.35
568000               1199.58
569000               1053.34
570000               1215.87
571000               1145.23
572000               1144.05
573000               1068.63
574000               1509.24
575000               1094.48
576000               1222.81
577000               1154.37
578000               1324.84
579000               1097.40
580000               1121.15
581000               1154.30
582000               1155.10
583000               1220.54
584000               1196.89
585000               1071.12
586000               1093.79
587000               1185.90
588000               1077.50
589000               1191.23
590000               1185.59
591000               1165.92
592000               1185.81
593000               1216.54
594000               1120.55
595000               1112.39
596000               1194.19
597000               1172.54
598000               1167.32
599000               1112.32
600000               1151.25
601000               1166.79
602000               1111.88
603000               1305.55
604000               1124.73
605000               1179.23
606000               1167.06
607000               1158.52
608000               1132.85
609000               1192.19
610000               1211.35
611000               1261.39
612000               1195.82
613000               1249.77
614000               1208.12
615000               1265.56
616000               1219.62
617000               1149.71
618000               1169.36
619000               1173.58
620000               1173.55
621000               1121.31
622000               1176.86
623000               1199.17
624000               1184.84
625000               1167.51
626000               1123.07
627000               1201.22
628000               1188.18
629000               1198.42
630000               1116.49
631000               1178.49
632000               1157.55
633000               1187.85
634000               1157.64
635000               1158.34
636000               1219.15
637000               1242.68
638000               1161.21
639000               1164.60
640000               1180.80
641000               1192.90
642000               1165.39
643000               1125.26
644000               1195.20
645000               1236.48
646000               1132.39
647000               1220.70
648000               1173.13
649000               1249.72
650000               1074.53
651000               1191.46
652000               1222.74
653000               1083.38
654000               1170.82
655000               1202.32
656000               1149.56
657000               1178.75
658000               1247.23
659000               1126.31
660000               1215.94
661000               1151.44
662000               1059.04
663000               1227.71
664000               1106.04
665000               1217.59
666000               1295.50
667000               1249.05
668000               1176.14
669000               1166.88
670000               1124.06
671000               1295.15
672000               1219.69
673000               1266.08
674000               1247.86
675000               1249.59
676000               1236.96
677000               1189.92
678000               1269.72
679000               1113.67
680000               1238.04
681000               1232.66
682000               1280.73
683000               1277.91
684000               1091.38
685000               1260.05
686000               1361.60
687000               1328.72
688000               1268.40
689000               1247.16
690000               1211.20
691000               1258.25
692000               1250.44
693000               1283.43
694000               1310.03
695000               1275.31
696000               1308.42
697000               1218.90
698000               1221.53
699000               1271.53
700000               1278.84
701000               1278.63
702000               1291.34
703000               1265.61
704000               1296.55
705000               1300.22
706000               1314.00
707000               1362.31
708000               1283.40
709000               1289.00
710000               1312.00
711000               1422.34
712000               1304.15
713000               1319.17
714000               1326.56
715000               1266.04
716000               1309.60
717000               1231.60
718000               1272.51
719000               1315.87
720000               1303.46
721000               1305.16
722000               1310.13
723000               1298.19
724000               1298.02
725000               1314.57
726000               1318.97
727000               1300.67
728000               1309.62
729000               1330.29
730000               1334.89
731000               1317.38
732000               1338.26
733000               1349.99
734000               1347.48
735000               1367.91
736000               1273.63
737000               1307.99
738000               1310.92
739000               1561.33
740000               1250.27
741000               1314.05
742000               1332.70
743000               1374.17
744000               1342.07
745000               1351.44
746000               1331.28
747000               1307.07
748000               1314.01
749000               1338.57
750000               1378.80
751000               1490.95
752000               1319.38
753000               1344.84
754000               1352.29
755000               1412.29
756000               1343.35
757000               1408.05
758000               1370.19
759000               1358.56
760000               1363.93
761000               1378.50
762000               1371.20
763000               1313.87
764000               1255.54
765000               1355.25
766000               1371.40
767000               1339.41
768000               1390.41
769000               1267.03
770000               1318.61
771000               1357.30
772000               1360.38
773000               1369.48
774000               1370.47
775000               1368.36
776000               1256.49
777000               1346.21
778000               1362.50
779000               1353.02
780000               1333.75
781000               1354.33
782000               1382.05
783000               1439.51
784000               1434.90
785000               1408.50
786000               1431.49
787000               1388.07
788000               1580.04
789000               1369.92
790000               1402.77
791000               1323.99
792000               1397.12
793000               1414.35
794000               1386.34
795000               1481.96
796000               1320.33
797000               1451.54
798000               1326.60
799000               1479.76
800000               1498.04
801000               1477.86
802000               1391.41
803000               1455.86
804000               1434.21
805000               1438.85
806000               1394.23
807000               1682.42
808000               1406.76
809000               1432.42
810000               1441.71
811000               1379.46
812000               1432.84
813000               1432.62
814000               1474.76
815000               1453.76
816000               1449.34
817000               1460.25
818000               1443.24
819000               1571.25
820000               1507.66
821000               1415.90
822000               1465.69
823000               1442.80
824000               1461.23
825000               1470.84
826000               1468.78
827000               1468.63
828000               1516.35
829000               1501.90
830000               1455.13
831000               1452.26
832000               1429.96
833000               1455.84
834000               1441.09
835000               1432.79
836000               3746.56
837000               1482.43
838000               1471.59
839000               1430.61
840000               1453.42
841000               1432.69
842000               1458.36
843000               1476.07
844000               1448.89
845000               1622.19
846000               1499.28
847000               1490.98
848000               1488.21
849000               1502.20
850000               5524.79
851000               1441.54
852000               1465.64
853000               1438.49
854000               1442.61
855000               1440.43
856000               1440.14
857000               1455.17
858000               1454.19
859000               1526.92
860000               1538.87
861000               1608.10
862000               1458.55
863000               1466.01
864000               1547.29
865000               1483.79
866000               1510.97
867000               1496.17
868000               1527.61
869000               1391.37
870000               1487.68
871000               1499.92
872000               1503.29
873000               1738.22
874000               1539.81
875000               1526.44
876000               1517.80
877000               1524.58
878000               1528.34
879000               1519.18
880000               1418.47
881000               1544.86
882000               1567.46
883000               1547.15
884000               1526.45
885000               1555.97
886000               1536.83
887000               1641.05
888000               1503.56
889000               1501.04
890000               1554.07
891000               1807.38
892000               1544.52
893000               1559.26
894000               1568.79
895000               1543.17
896000               1460.77
897000               1641.46
898000               1520.70
899000               1544.80
900000               1547.70
901000               1608.67
902000               1599.30
903000               1525.09
904000               1562.89
905000               1564.12
906000               1582.79
907000               1684.39
908000               1538.76
909000               1601.04
910000               1556.43
911000               1584.55
912000               1544.26
913000               1614.18
914000               1602.22
915000               1575.86
916000               1589.52
917000               1562.21
918000               1554.88
919000               1686.54
920000               1533.82
921000               1604.96
922000               1546.55
923000               1540.92
924000               1486.60
925000               1509.86
926000               1567.91
927000               1517.81
928000               1538.69
929000               1499.88
930000               1568.57
931000               1599.40
932000               1549.23
933000               1666.49
934000               1451.49
935000               1584.38
936000               1408.30
937000               1594.90
938000               1640.16
939000               1470.39
940000               1697.48
941000               1562.94
942000               1565.46
943000               1572.77
944000               1566.09
945000               1536.28
946000               1408.93
947000               1578.06
948000               1571.14
949000               1564.46
950000               1631.55
951000               1604.54
952000               1565.05
953000               1591.12
954000               1626.02
955000               1648.40
956000               1745.83
957000               1578.49
958000               1589.17
959000               1589.87
960000               1779.90
961000               1605.88
962000               1584.72
963000               1634.87
964000               1565.19
965000               1548.60
966000               1646.25
967000               1611.21
968000               1522.10
969000               1659.66
970000               1546.62
971000               1515.66
972000               1738.18
973000               1490.14
974000               1447.28
975000               1549.61
976000               1566.63
977000               1609.41
978000               1609.04
979000               1623.91
980000               1681.44
981000               1713.41
982000               1633.34
983000               1530.45
984000               1489.66
985000               1763.98
986000               1691.67
987000               1641.63
988000               1606.80
989000               1718.37
990000               1611.38
991000               1665.91
992000               1620.99
993000               1745.57
994000               1636.16
995000               1682.82
996000               1685.83
997000               1680.23
998000               1738.08
999000               1521.33
1000000              1659.02
1001000              1601.54
1002000              1665.28
1003000              1665.09
1004000              1719.14
1005000              1753.89
1006000              1683.28
1007000              1671.67
1008000              1797.14
1009000              1556.47
1010000              1547.65
1011000              1600.76
1012000              1541.83
1013000              1667.10
1014000              1618.90
1015000              1631.52
1016000              1652.58
1017000              1679.15
1018000              1747.69
1019000              1871.73
1020000              1466.90
1021000              1621.23
1022000              1745.38
1023000              1758.37
1024000              1660.30
