# OSU MPI Latency Test v5.7
# Size          Latency (us)
4000                   96.56
5000                   99.63
6000                   99.10
7000                   98.77
8000                  102.59
9000                  173.87
10000                 142.35
11000                  91.43
12000                 108.12
13000                 111.25
14000                 115.18
15000                 209.62
16000                 108.82
17000                 105.85
18000                 121.28
19000                 129.02
20000                 117.76
21000                 241.41
22000                  84.88
23000                 111.76
24000                 131.20
25000                 135.97
26000                 182.32
27000                 175.93
28000                 125.29
29000                 143.96
30000                 151.59
31000                 272.29
32000                 116.19
33000                 109.33
34000                 155.84
35000                 160.29
36000                 177.90
37000                 227.72
38000                 120.28
39000                 139.86
40000                 169.03
41000                 164.08
42000                 251.61
43000                 133.22
44000                 172.50
45000                 170.42
46000                 228.55
47000                 166.70
48000                 144.22
49000                 173.97
50000                 172.97
51000                 251.04
52000                 125.19
53000                 179.90
54000                 188.33
55000                 377.26
56000                 167.07
57000                 185.69
58000                 194.47
59000                 280.81
60000                 130.59
61000                 166.04
62000                 187.27
63000                 275.92
64000                 163.97
65000                 186.03
66000                 409.42
67000                 302.89
68000                 374.35
69000                 365.43
70000                 339.62
71000                 407.96
72000                 367.15
73000                 427.87
74000                 336.09
75000                 471.96
76000                 326.56
77000                 423.80
78000                 301.74
79000                 470.88
80000                 233.05
81000                 339.92
82000                 427.68
83000                 320.24
84000                 466.12
85000                 270.27
86000                 421.01
87000                 342.35
88000                 380.86
89000                 456.60
90000                 498.65
91000                 288.09
92000                 398.98
93000                 380.29
94000                 450.16
95000                 344.96
96000                 445.67
97000                 360.20
98000                 485.22
99000                 253.74
100000                389.27
101000                495.69
102000                457.45
103000                466.95
104000                482.22
105000                326.71
106000                483.56
107000                355.74
108000                479.80
109000                387.35
110000                421.81
111000                396.30
112000                442.29
113000                396.78
114000                424.64
115000                366.93
116000                450.26
117000                359.34
118000                445.06
119000                412.44
120000                478.09
121000                525.73
122000                366.72
123000                481.21
124000                387.90
125000                489.10
126000                552.98
127000                321.43
128000                553.14
129000                344.92
130000                526.12
131000                375.10
132000                474.02
133000                410.03
134000                462.51
135000                416.37
136000                522.15
137000                540.37
138000                397.64
139000                496.46
140000                412.70
141000                497.54
142000                574.14
143000                367.92
144000                523.19
145000                390.64
146000                524.65
147000                444.47
148000                485.52
149000                500.00
150000                416.40
151000                573.59
152000                390.03
153000                549.43
154000                440.00
155000                502.11
156000                455.20
157000                540.79
158000                552.09
159000                489.59
160000                529.02
161000                546.53
162000                479.50
163000                519.58
164000                582.81
165000                435.73
166000                507.85
167000                528.97
168000                453.10
169000                576.58
170000                448.06
171000                530.14
172000                592.24
173000                391.43
174000                563.58
175000                444.75
176000                531.54
177000                622.74
178000                384.21
179000                581.86
180000                431.50
181000                542.86
182000                603.54
183000                494.09
184000                534.18
185000                619.22
186000                456.27
187000                572.33
188000                652.51
189000                460.58
190000                581.89
191000                567.69
192000                481.77
193000                534.74
194000                580.53
195000                464.24
196000                555.35
197000                585.97
198000                518.23
199000                551.94
200000                563.94
201000                529.38
202000                554.90
203000                576.70
204000                506.52
205000                589.79
206000                613.79
207000                498.54
208000                561.27
209000                654.45
210000                463.52
211000                581.75
212000                654.13
213000                504.62
214000                632.46
215000                584.80
216000                533.63
217000                527.79
218000                473.05
219000                601.18
220000                594.01
221000                568.23
222000                540.51
223000                574.27
224000                538.14
225000                603.58
226000                612.27
227000                611.62
228000                553.79
229000                613.74
230000                651.89
231000                602.33
232000                556.02
233000                645.14
234000                442.36
235000                469.05
236000                638.00
237000                662.55
238000                632.57
239000                687.77
240000                528.89
241000                675.08
242000                654.35
243000                651.12
244000                670.94
245000                645.80
246000                598.78
247000                639.83
248000                642.06
249000                654.53
250000                622.72
251000                729.52
252000                622.49
253000                674.21
254000                683.30
255000                701.16
256000                719.09
257000                609.95
258000                645.00
259000                682.79
260000                699.76
261000                684.04
262000                693.19
263000                700.21
264000                712.38
265000                718.86
266000                747.05
267000                596.39
268000                607.31
269000                704.39
270000                724.61
271000                716.49
272000                697.16
273000                698.27
274000                727.55
275000                562.85
276000               1593.67
277000                708.43
278000                712.49
279000                703.58
280000                697.94
281000                687.67
282000                688.84
283000                725.99
284000                656.11
285000                632.15
286000                695.95
287000                687.18
288000               1029.12
289000                419.85
290000                410.89
291000                628.66
292000                700.25
293000                415.38
294000                422.01
295000                442.47
296000                428.78
297000                720.20
298000                686.19
299000                646.59
300000                713.88
301000                694.72
302000                735.97
303000                757.04
304000                842.11
305000                743.58
306000                732.20
307000                809.43
308000                633.22
309000                734.38
310000                709.98
311000                751.18
312000                782.22
313000                772.20
314000                758.63
315000                733.57
316000                787.54
317000                793.06
318000                701.08
319000                776.67
320000                900.84
321000                772.00
322000                772.74
323000                803.29
324000                751.33
325000                795.22
326000                793.03
327000                798.12
328000                789.39
329000                768.27
330000                789.95
331000                796.17
332000                780.95
333000                784.14
334000                796.81
335000                787.85
336000                783.07
337000                801.43
338000                710.02
339000                899.09
340000                792.36
341000                811.87
342000                797.33
343000                824.01
344000                792.76
345000                786.86
346000                707.72
347000                789.53
348000                866.38
349000                725.38
350000                920.80
351000                837.99
352000                711.99
353000                840.29
354000                848.72
355000                774.47
356000                756.95
357000                795.39
358000                865.42
359000                833.29
360000                867.92
361000                859.11
362000                849.36
363000                843.21
364000                850.24
365000                847.55
366000                870.84
367000                846.60
368000                840.13
369000                833.43
370000                821.12
371000                800.95
372000                723.47
373000                863.45
374000                917.56
375000                899.92
376000                851.18
377000                843.96
378000                981.43
379000                819.60
380000                828.61
381000                835.20
382000                625.67
383000                805.18
384000                813.83
385000                826.83
386000                869.79
387000                841.48
388000                991.19
389000                815.87
390000                861.09
391000                903.60
392000                878.88
393000                895.31
394000                810.25
395000                831.85
396000                831.47
397000                866.84
398000                840.27
399000                826.68
400000                884.69
401000                868.60
402000                900.62
403000                874.00
404000                897.42
405000                921.47
406000                906.28
407000                875.19
408000                926.78
409000                906.26
410000                865.30
411000                847.15
412000                845.31
413000                853.70
414000                877.91
415000                874.62
416000                961.10
417000                942.97
418000               1052.31
419000                904.29
420000                880.87
421000                884.17
422000                941.05
423000                941.98
424000                935.76
425000                944.46
426000               1025.75
427000                895.84
428000                912.82
429000                998.01
430000                984.56
431000                689.27
432000                550.03
433000                643.67
434000                979.64
435000               1218.61
436000               1017.11
437000                844.48
438000                901.24
439000                894.63
440000                902.20
441000                949.09
442000                932.42
443000                917.80
444000                906.61
445000                925.18
446000               1021.62
447000                969.56
448000                904.91
449000                914.72
450000                925.42
451000                911.26
452000                961.62
453000                950.35
454000                936.11
455000                883.17
456000                963.26
457000                928.69
458000                953.13
459000                964.65
460000                932.64
461000               1066.06
462000                959.88
463000                875.76
464000                919.44
465000               1025.46
466000                949.60
467000                923.07
468000                969.70
469000                955.38
470000                955.84
471000                958.33
472000               1073.59
473000                946.10
474000                995.09
475000               1012.18
476000               1014.46
477000               1023.43
478000                994.45
479000               1018.46
480000               1005.79
481000               1014.66
482000                993.13
483000               1014.67
484000                976.47
485000               1016.29
486000                993.56
487000                958.16
488000               1033.47
489000               1095.67
490000                993.35
491000                953.04
492000               1045.36
493000               1002.57
494000               1139.32
495000                965.92
496000                975.86
497000                956.76
498000                970.70
499000                961.97
500000                967.63
501000                954.81
502000                929.57
503000                866.67
504000                949.48
505000                954.35
506000                959.08
507000                962.14
508000                999.53
509000               1048.12
510000               1064.60
511000               1048.42
512000               1029.84
513000               1133.72
514000                988.24
515000                996.90
516000                987.40
517000               1018.75
518000               1167.21
519000               1029.40
520000               1023.20
521000               1138.14
522000               1042.40
523000                988.08
524000                982.08
525000               1022.21
526000               1013.12
527000               1033.97
528000               1112.09
529000               1030.96
530000                982.03
531000               1036.58
532000               1189.39
533000               1990.02
534000               1866.58
535000               1215.38
536000               1177.56
537000                999.54
538000               1076.46
539000               1112.26
540000               1208.45
541000                951.31
542000               1052.53
543000               1029.48
544000               1073.00
545000               1056.97
546000               1140.49
547000               1018.06
548000               1088.82
549000               1227.32
550000               1070.28
551000               1082.81
552000               1069.64
553000               1194.27
554000               1048.08
555000               1036.02
556000               1086.59
557000               1290.94
558000               1083.35
559000               1039.36
560000               1152.09
561000               1057.73
562000               1082.13
563000               1084.71
564000               1062.67
565000               1208.62
566000               1022.70
567000               1058.47
568000               1077.57
569000               1075.90
570000               1166.95
571000               1065.90
572000               1096.24
573000               1044.63
574000               1179.14
575000               1042.74
576000               1123.86
577000               1158.39
578000               1145.05
579000               1126.00
580000               1241.73
581000               1169.65
582000               1106.66
583000               1254.04
584000               1094.25
585000               1077.71
586000               1088.15
587000               1124.61
588000               1159.10
589000               1148.00
590000               1163.10
591000               1097.68
592000               1127.59
593000               1203.68
594000               1095.65
595000               1136.51
596000               1161.74
597000               1030.07
598000               1076.20
599000               1312.45
600000               1224.53
601000               1062.55
602000               1145.29
603000               1233.83
604000               1086.36
605000               1152.46
606000               1190.45
607000               1126.07
608000               1105.06
609000               1160.54
610000               1219.47
611000               1068.43
612000               1139.65
613000               1260.44
614000               1223.51
615000               1203.12
616000               1131.18
617000               1111.22
618000               1132.71
619000               1200.38
620000               1158.29
621000               1369.95
622000               1108.87
623000               1105.95
624000               1245.56
625000               1107.54
626000               1301.74
627000               1120.89
628000               1268.90
629000               1107.69
630000               1171.41
631000               1290.80
632000               1142.26
633000               1243.37
634000               1144.42
635000               1181.05
636000               1258.47
637000               1178.24
638000               1275.75
639000               1091.12
640000               1178.44
641000               1405.62
642000               1150.75
643000               1234.63
644000               1094.19
645000               1254.86
646000               1261.20
647000               1066.51
648000               1152.83
649000               1222.17
650000               1179.83
651000               1181.91
652000               1147.06
653000               1263.64
654000               1178.39
655000               1209.15
656000               1176.74
657000               1231.59
658000               1121.87
659000               1136.14
660000               1211.38
661000               1195.72
662000               1220.28
663000               1233.46
664000               1224.45
665000               1196.40
666000               1240.01
667000               1238.49
668000               1189.74
669000               1172.68
670000               1285.74
671000               1128.48
672000               1006.32
673000               1059.42
674000               1167.39
675000               1237.85
676000               1199.53
677000               1324.99
678000               1115.34
679000               1160.19
680000               1559.69
681000               1157.91
682000               1186.82
683000               1202.36
684000               1144.95
685000               1207.57
686000               1301.93
687000               1211.10
688000               1297.68
689000               1198.02
690000               1266.53
691000               1216.86
692000               1221.85
693000               1308.95
694000               1169.77
695000               1091.64
696000               1180.93
697000               1150.77
698000               1152.01
699000               1252.32
700000               1123.82
701000               1174.55
702000               1299.80
703000               1193.47
704000               1226.31
705000               1292.80
706000               1228.13
707000               1324.61
708000               1189.03
709000               1201.66
710000               1337.10
711000               1217.83
712000               1317.96
713000               1242.80
714000               1250.01
715000               1358.76
716000               1236.34
717000               1342.35
718000               1212.15
719000               1365.89
720000               1197.36
721000                957.03
722000               1177.11
723000               1335.25
724000               1140.12
725000               1163.38
726000               1189.37
727000               1230.34
728000               1307.02
729000               1221.13
730000               1357.36
731000               1153.95
732000               1223.27
733000               1365.62
734000               1191.87
735000               1234.54
736000               1307.14
737000               1209.36
738000               1372.76
739000               1259.58
740000               1346.06
741000               5452.68
742000               1455.58
743000               1268.72
744000               1422.37
745000               1357.55
746000               1248.77
747000               1273.52
748000               1269.09
749000               1290.96
750000               1298.51
751000               1356.72
752000               1296.51
753000               1376.00
754000               1197.07
755000               1279.07
756000               1358.28
757000               1356.24
758000               1252.35
759000               1227.54
760000               1372.00
761000               1308.75
762000               1310.94
763000               1355.20
764000               1303.45
765000               1441.66
766000               1332.68
767000               1285.01
768000               1217.16
769000               1282.55
770000               1360.40
771000               1245.69
772000               1218.35
773000               1294.53
774000               1358.83
775000               1344.81
776000               1305.18
777000               1416.09
778000               1267.21
779000               1405.77
780000               1255.05
781000               1313.42
782000               1388.19
783000               1276.12
784000               1397.57
785000               1314.24
786000               1295.74
787000               1399.69
788000               1325.85
789000               1331.28
790000               1344.73
791000               1362.05
792000               1354.15
793000               1332.98
794000               1427.58
795000               1274.07
796000               1335.90
797000               1422.03
798000               1325.53
799000               1549.84
800000               1422.01
801000               1278.27
802000               1353.69
803000               1328.67
804000               1328.52
805000               1403.53
806000               1291.95
807000               1461.68
808000               1303.88
809000               1453.50
810000               1341.17
811000               1425.20
812000               1308.68
813000               1460.80
814000               1295.27
815000               1457.30
816000               1334.06
817000               1431.94
818000               1336.68
819000               1432.63
820000               1424.46
821000               1443.63
822000               1326.93
823000               1446.49
824000               1342.00
825000               1475.23
826000               1362.96
827000               1478.11
828000               1394.50
829000               1392.19
830000               1476.73
831000               1311.83
832000               1455.01
833000               1351.32
834000               1475.63
835000               1357.04
836000               1444.07
837000               1526.79
838000               1349.84
839000               1450.35
840000               1434.33
841000               1347.10
842000                886.01
843000                886.27
844000                896.36
845000               1042.43
846000               1379.36
847000               1374.99
848000               1378.67
849000               1384.40
850000               1479.64
851000               1482.79
852000               1485.68
853000               1453.11
854000               1398.33
855000               1351.80
856000               1382.13
857000               1430.13
858000               1454.79
859000               1449.40
860000               1481.24
861000               1493.35
862000               1476.55
863000               1486.94
864000               1473.41
865000               1443.78
866000               1494.39
867000               1470.28
868000               1478.90
869000               1482.73
870000               1482.46
871000               1493.26
872000               1470.47
873000               1491.66
874000               1506.71
875000               1482.01
876000               1505.84
877000               1448.91
878000               1534.70
879000               1486.12
880000               1509.95
881000               1529.17
882000               1530.65
883000               1482.24
884000               1472.05
885000               1477.64
886000               1498.34
887000               1527.30
888000               1521.86
889000               1437.58
890000               1490.37
891000               1463.80
892000               1480.54
893000               1427.84
894000               1527.27
895000               1487.01
896000               1552.89
897000               1532.20
898000               1542.22
899000               1526.11
900000               1504.16
901000               1481.48
902000               1468.36
903000               1482.53
904000               1486.31
905000               1485.73
906000               1495.54
907000               1494.59
908000               1547.27
909000               1542.04
910000               1567.67
911000               1501.56
912000               1496.86
913000               1499.06
914000               1561.64
915000               1561.69
916000               1529.60
917000               1549.19
918000               1583.34
919000               1576.47
920000               1539.60
921000               1555.03
922000               1539.55
923000               1486.49
924000               1522.73
925000               1447.50
926000               1567.30
927000               1565.80
928000               1515.40
929000               1572.53
930000               1583.92
931000               1556.45
932000               1546.29
933000               1487.55
934000               1535.92
935000               1571.68
936000               1530.25
937000               1555.41
938000               1497.67
939000               1549.42
940000               1567.15
941000               1483.24
942000               1466.44
943000               1495.71
944000               1559.19
945000               1691.73
946000               1542.89
947000               1589.82
948000               1473.74
949000               1578.07
950000               1566.58
951000               1572.95
952000               1567.95
953000               1592.42
954000               1574.44
955000               1568.32
956000               1588.93
957000               1567.45
958000               1626.66
959000               1600.43
960000               1634.84
961000               1605.98
962000               1604.60
963000               1604.89
964000               1584.47
965000               1600.73
966000               1612.39
967000               1565.86
968000               1453.16
969000               1601.18
970000               1549.20
971000               1616.75
972000               1593.52
973000               1732.52
974000               1609.95
975000               1584.38
976000               1604.93
977000               1595.81
978000               1600.67
979000               1644.25
980000               1655.02
981000               1569.69
982000               1650.48
983000               1511.73
984000               1620.79
985000               1600.79
986000               1604.71
987000               1659.31
988000               1606.58
989000               1633.96
990000               1643.08
991000               1674.77
992000               1640.78
993000               1648.83
994000               1716.30
995000               1646.71
996000               1658.71
997000               1532.04
998000               1662.78
999000               1675.42
1000000              1676.93
1001000              1623.93
1002000              1620.04
1003000              1585.66
1004000              1581.89
1005000              1640.02
1006000              1672.09
1007000              1602.27
1008000              1628.40
1009000              1612.10
1010000              1641.29
1011000              1658.50
1012000              1635.21
1013000              1661.39
1014000              1622.23
1015000              1701.41
1016000              1637.04
1017000              1704.99
1018000              1532.11
1019000              1665.55
1020000              1663.84
1021000              1649.42
1022000              1630.39
1023000              1663.57
1024000              1593.34
