# OSU MPI Latency Test v5.7
# Size          Latency (us)
4000                   77.54
5000                   89.82
6000                   93.06
7000                   92.03
8000                   98.01
9000                  116.54
10000                 104.76
11000                 139.52
12000                  93.03
13000                 104.05
14000                 138.10
15000                 114.90
16000                 134.39
17000                  84.58
18000                 122.32
19000                 144.27
20000                  92.08
21000                  99.94
22000                 160.58
23000                 124.88
24000                 154.65
25000                 139.42
26000                 152.66
27000                 178.02
28000                 129.95
29000                 166.38
30000                 180.02
31000                 119.48
32000                 170.79
33000                 142.24
34000                 183.09
35000                 189.29
36000                 154.37
37000                 184.22
38000                 186.37
39000                 194.23
40000                 154.02
41000                 187.06
42000                 187.75
43000                 160.56
44000                 186.88
45000                 195.24
46000                 161.13
47000                 192.55
48000                 203.79
49000                 156.81
50000                 194.18
51000                 201.66
52000                 156.70
53000                 205.09
54000                 205.85
55000                 212.51
56000                 199.87
57000                 189.42
58000                 216.33
59000                 210.90
60000                 214.24
61000                 214.14
62000                 219.42
63000                 176.34
64000                 211.29
65000                 210.69
66000                 365.50
67000                 387.82
68000                 350.10
69000                 362.13
70000                 381.70
71000                 370.90
72000                 372.40
73000                 367.34
74000                 365.61
75000                 392.76
76000                 361.04
77000                 412.40
78000                 367.48
79000                 358.75
80000                 391.52
81000                 346.09
82000                 371.08
83000                 409.47
84000                 396.41
85000                 404.22
86000                 402.65
87000                 371.90
88000                 422.22
89000                 365.76
90000                 421.79
91000                 284.42
92000                 404.73
93000                 379.25
94000                 425.15
95000                 436.10
96000                 380.16
97000                 423.26
98000                 443.02
99000                 392.52
100000                430.77
101000                440.23
102000                429.93
103000                388.52
104000                415.33
105000                426.50
106000                438.95
107000                414.10
108000                447.62
109000                457.77
110000                425.96
111000                415.97
112000                373.38
113000                379.91
114000                372.03
115000                428.46
116000                457.23
117000                425.80
118000                466.74
119000                478.09
120000                437.66
121000                445.98
122000                468.04
123000                429.74
124000                378.18
125000                451.41
126000                495.49
127000                424.27
128000                484.06
129000                483.15
130000                484.28
131000                471.97
132000                472.68
133000                451.64
134000                479.86
135000                478.44
136000                499.32
137000                481.83
138000                493.92
139000                518.17
140000                466.66
141000                460.30
142000                403.18
143000                457.39
144000                446.65
145000                479.88
146000                440.16
147000                487.66
148000                512.70
149000                523.89
150000                525.45
151000                527.66
152000                473.37
153000                533.06
154000                509.52
155000                522.69
156000                520.91
157000                500.65
158000                454.90
159000                420.76
160000                505.62
161000                535.21
162000                517.84
163000                542.03
164000                547.08
165000                531.15
166000                519.64
167000                524.88
168000                475.18
169000                528.03
170000                534.19
171000                536.01
172000                497.53
173000                513.69
174000                493.58
175000                460.99
176000                504.47
177000                479.27
178000                504.00
179000                516.11
180000                469.27
181000                509.74
182000                429.67
183000                513.99
184000                476.93
185000                512.92
186000                532.65
187000                447.48
188000                550.28
189000                561.59
190000                500.61
191000                561.48
192000                555.67
193000                500.40
194000                535.20
195000                530.60
196000                543.83
197000                494.82
198000                537.77
199000                492.99
200000                552.30
201000                576.87
202000                580.50
203000                545.17
204000                596.75
205000                558.13
206000                574.84
207000                616.34
208000                543.78
209000                599.93
210000                577.63
211000                581.61
212000                576.93
213000                583.88
214000                596.78
215000                581.49
216000                572.72
217000                560.58
218000                596.48
219000                601.87
220000                612.67
221000                574.73
222000                586.65
223000                576.49
224000                592.28
225000                599.77
226000                637.32
227000                595.26
228000                715.68
229000                627.87
230000                620.36
231000                622.00
232000                617.72
233000                604.30
234000                554.84
235000                615.18
236000                614.54
237000                619.06
238000                617.77
239000                621.46
240000                621.39
241000                651.93
242000                654.23
243000                527.92
244000                614.58
245000                617.09
246000                611.05
247000                622.50
248000                639.52
249000                618.69
250000                633.05
251000                623.12
252000                627.71
253000                654.36
254000                650.06
255000                629.27
256000                648.04
257000                656.17
258000                700.24
259000                761.04
260000                699.51
261000                634.71
262000                664.03
263000                570.19
264000                632.51
265000                632.17
266000                632.60
267000                705.87
268000                665.29
269000                660.33
270000                646.79
271000                654.71
272000                655.08
273000                680.86
274000                681.50
275000                682.28
276000                652.32
277000                703.02
278000                675.33
279000                670.44
280000                665.94
281000                690.31
282000                737.98
283000                636.18
284000                703.57
285000                689.99
286000                692.20
287000                696.65
288000                619.34
289000                678.99
290000                662.23
291000                707.39
292000                739.86
293000                685.13
294000                619.01
295000                745.81
296000                687.25
297000                709.02
298000                704.09
299000                770.62
300000                709.81
301000                728.21
302000                689.97
303000                749.99
304000                751.94
305000                763.91
306000                683.80
307000                615.03
308000                666.79
309000                791.14
310000                708.12
311000                699.02
312000                736.23
313000                767.30
314000                713.18
315000                741.65
316000                723.62
317000                779.13
318000                697.29
319000                730.10
320000                674.95
321000                720.86
322000                758.26
323000                739.53
324000                779.33
325000                729.17
326000                764.28
327000                800.49
328000                793.83
329000                790.31
330000                819.66
331000                784.15
332000                825.33
333000                753.91
334000                765.49
335000                775.68
336000                689.91
337000                849.17
338000                743.62
339000                781.72
340000                759.12
341000                826.35
342000                726.46
343000                783.87
344000                817.43
345000                788.83
346000                813.45
347000                794.68
348000                812.33
349000                851.95
350000                818.16
351000                802.53
352000                679.55
353000                757.47
354000                777.79
355000                834.63
356000                810.95
357000                853.84
358000                825.11
359000                852.74
360000                809.13
361000                886.32
362000                877.74
363000                847.49
364000                823.00
365000                892.88
366000                862.31
367000                782.78
368000                828.81
369000                831.70
370000                818.36
371000                869.72
372000                819.69
373000                884.79
374000                857.16
375000                850.37
376000                807.18
377000                880.93
378000                844.13
379000                770.51
380000                876.91
381000                856.30
382000                932.40
383000                856.51
384000                892.47
385000                879.68
386000                918.86
387000                860.05
388000                882.78
389000                907.37
390000                846.94
391000                818.29
392000                909.47
393000                808.31
394000                869.78
395000                914.64
396000                744.95
397000                772.26
398000                924.97
399000                940.43
400000                791.63
401000                887.14
402000                889.14
403000                850.21
404000                926.96
405000                811.14
406000                825.40
407000                859.28
408000                898.37
409000                824.42
410000                974.33
411000                884.54
412000                933.94
413000                852.06
414000                843.55
415000                917.57
416000                874.39
417000                925.52
418000                783.57
419000                871.56
420000                952.31
421000                856.91
422000                894.93
423000                947.17
424000                987.59
425000                893.87
426000                979.95
427000                973.93
428000                944.05
429000                953.72
430000                938.97
431000                894.55
432000                965.21
433000                858.00
434000                964.10
435000                936.56
436000               1002.40
437000                993.71
438000                928.01
439000               1011.03
440000               1003.15
441000                987.99
442000                854.63
443000                946.02
444000                957.31
445000                915.90
446000                927.56
447000                901.51
448000                994.75
449000                922.50
450000                907.76
451000                915.59
452000                966.26
453000                984.88
454000                946.26
455000                867.93
456000                985.04
457000               1002.19
458000                932.42
459000                982.58
460000                903.87
461000                998.76
462000               1005.52
463000               1011.17
464000                958.78
465000                980.26
466000               1048.74
467000                971.96
468000               1055.08
469000               1007.95
470000                964.31
471000                979.14
472000                914.54
473000                942.44
474000                916.42
475000                997.06
476000                962.85
477000               1016.06
478000                942.23
479000               1021.40
480000                957.33
481000                927.90
482000                973.00
483000               1034.11
484000                979.63
485000               1019.65
486000                943.29
487000               1036.34
488000               1013.85
489000                977.27
490000                987.51
491000                992.21
492000               1036.96
493000                836.57
494000               1053.38
495000               1010.79
496000                921.95
497000               1016.79
498000               1005.02
499000               1050.15
500000               1041.30
501000                979.77
502000               1054.42
503000               1080.39
504000               1081.99
505000                967.98
506000               1038.76
507000               1029.95
508000               1053.39
509000               1102.54
510000               1083.90
511000                971.79
512000                990.69
513000               1210.05
514000               1080.75
515000               1060.99
516000                992.08
517000               1074.01
518000               1127.03
519000                982.01
520000               1080.87
521000               1039.88
522000               1022.14
523000               1015.97
524000               1054.25
525000               1001.02
526000               1108.58
527000               1078.13
528000               1124.10
529000               1030.07
530000               1065.59
531000               1026.74
532000               1038.19
533000               1162.60
534000               1073.32
535000               1116.57
536000               1119.70
537000               1193.34
538000               1135.38
539000               1140.35
540000               1141.80
541000               1122.97
542000               1053.51
543000               1123.92
544000               1132.94
545000               1056.76
546000               1115.62
547000               1192.24
548000               1111.89
549000               1032.16
550000               1124.87
551000               1083.12
552000               1025.97
553000               1043.36
554000               1100.23
555000               1150.63
556000               1156.66
557000               1074.43
558000               1127.81
559000               1139.13
560000               1054.48
561000               1103.59
562000               1071.70
563000               1120.63
564000               1109.08
565000               1039.68
566000               1128.03
567000               1146.21
568000               1069.74
569000               1115.81
570000               1155.73
571000               1041.04
572000               1135.37
573000               1085.53
574000               1113.31
575000               1053.79
576000               1072.12
577000               1141.30
578000               1108.39
579000               1214.05
580000               1073.05
581000               1025.34
582000               1158.13
583000               1092.71
584000               1172.22
585000               1178.21
586000               1106.32
587000               1135.40
588000               1244.97
589000               1156.25
590000               1136.66
591000               1070.80
592000               1027.29
593000               1153.88
594000               1178.59
595000               1078.37
596000               1154.22
597000               1185.33
598000               1202.77
599000               1188.77
600000               1284.71
601000               1193.14
602000               1204.51
603000               1106.14
604000               1129.26
605000               1109.68
606000               1164.45
607000               1299.76
608000               1152.08
609000               1114.84
610000               1126.27
611000               1072.48
612000               1130.53
613000               1112.47
614000               1153.03
615000               1177.01
616000               1088.34
617000               1190.63
618000               1158.27
619000               1204.60
620000               1116.86
621000               1204.85
622000               1190.57
623000               1209.16
624000               1177.30
625000               1177.41
626000               1187.18
627000               1192.45
628000               1220.05
629000               1119.69
630000               1183.56
631000               1214.85
632000               1189.14
633000               1136.39
634000               1168.70
635000               1134.65
636000               1185.98
637000               1187.58
638000               1219.30
639000               1300.11
640000               1133.00
641000               1201.67
642000               1337.45
643000               1185.70
644000               1213.47
645000               1123.64
646000               1220.96
647000               1194.81
648000               1155.35
649000               1207.48
650000               1197.74
651000               1154.33
652000               1158.39
653000               1213.91
654000               1179.41
655000               1187.19
656000               1221.72
657000               1231.19
658000               1090.73
659000               1094.73
660000               1151.38
661000               1316.31
662000               1232.13
663000               1204.79
664000               1256.31
665000               1230.78
666000               1146.06
667000               1210.76
668000               1241.44
669000               1146.07
670000               1190.01
671000               1181.84
672000               1216.44
673000               1232.69
674000               1163.61
675000               1169.76
676000               1154.70
677000               1169.63
678000               1134.21
679000               1205.13
680000               1147.04
681000               1120.47
682000               1204.35
683000               1150.42
684000               1217.81
685000               1293.47
686000               1142.93
687000               1244.14
688000               1251.65
689000               1247.15
690000               1160.29
691000               1260.73
692000               1258.24
693000               1283.73
694000               1277.33
695000               1284.46
696000               1109.21
697000               1262.61
698000               1282.14
699000               1280.25
700000               1196.30
701000               1212.38
702000               1277.48
703000               1281.96
704000               1268.24
705000               1253.51
706000               1196.14
707000               1258.82
708000               1269.24
709000               1263.89
710000               1261.02
711000               1253.86
712000               1200.98
713000               1272.49
714000               1218.63
715000               1247.84
716000               1320.05
717000               1216.07
718000               1307.80
719000               1299.74
720000               1231.88
721000               1291.90
722000               1308.74
723000               1301.54
724000               1184.33
725000               1288.24
726000               1291.00
727000               1210.30
728000               1251.27
729000               1304.97
730000               1329.28
731000               1295.17
732000               1497.89
733000               1257.12
734000               1366.44
735000               1318.46
736000               1332.49
737000               1341.84
738000               1227.49
739000               1313.52
740000               1294.22
741000               1381.24
742000               1256.69
743000               1339.77
744000               1344.63
745000               1327.32
746000               1316.68
747000               1320.51
748000               1226.07
749000               1392.20
750000               1258.70
751000               1252.14
752000               1319.32
753000               1285.47
754000               1319.03
755000               1255.69
756000               1344.74
757000               1248.31
758000               1338.60
759000               1332.15
760000               1315.55
761000               1421.44
762000               1368.40
763000               1338.12
764000               1416.90
765000               1258.26
766000               1348.44
767000               1335.80
768000               1374.27
769000               1414.74
770000               1321.30
771000               1300.10
772000               1326.93
773000               1322.50
774000               1383.43
775000               1378.97
776000               1378.56
777000               1394.87
778000               1227.27
779000               1369.82
780000               1369.01
781000               1292.08
782000               1229.53
783000               1347.58
784000               1362.22
785000               1263.39
786000               1253.65
787000               1487.98
788000               1407.57
789000               1408.59
790000               1326.92
791000               1451.26
792000               1396.96
793000               1462.42
794000               1407.90
795000               1403.93
796000               1298.91
797000               1415.33
798000               1485.04
799000               1408.99
800000               1313.48
801000               1383.68
802000               1174.81
803000               1384.48
804000               1325.36
805000               1373.46
806000               1388.90
807000               1434.94
808000               1410.27
809000               1501.58
810000               1426.49
811000               1329.16
812000               1433.02
813000               1396.34
814000               1290.79
815000               1419.57
816000               1404.27
817000               1436.74
818000               1452.99
819000               1375.62
820000               1597.16
821000               1381.54
822000               1406.66
823000               1413.03
824000               1416.32
825000               1345.07
826000               1427.99
827000               1450.82
828000               1454.88
829000               1426.62
830000               1393.15
831000               1522.51
832000               1293.47
833000               1358.04
834000               1403.89
835000               1329.30
836000               1437.91
837000               1486.88
838000               1289.02
839000               1586.82
840000               1401.28
841000               1467.01
842000               1381.31
843000               1449.28
844000               1330.80
845000               1485.37
846000               1508.66
847000               1437.06
848000               1430.79
849000               1366.90
850000               1483.94
851000               1428.53
852000               1480.10
853000               1372.98
854000               1419.30
855000               1443.25
856000               1462.21
857000               1486.75
858000               1440.54
859000               1501.88
860000               1355.62
861000               1483.18
862000               1510.95
863000               1482.79
864000               1473.05
865000               1487.48
866000               1420.77
867000               1435.87
868000               1331.15
869000               1471.53
870000               1474.73
871000               1509.56
872000               1507.42
873000               1452.99
874000               1402.28
875000               1470.98
876000               1479.05
877000               1450.12
878000               1348.68
879000               1431.27
880000               1362.86
881000               1451.89
882000               1376.53
883000               1440.98
884000               1429.03
885000               1440.31
886000               1414.83
887000               1457.03
888000               1466.99
889000               1423.39
890000               1396.82
891000               1541.87
892000               1351.08
893000               1305.31
894000               1441.81
895000               1364.50
896000               1405.39
897000               1436.53
898000               1393.72
899000               1427.72
900000               1467.02
901000               1328.83
902000               1427.76
903000               1456.85
904000               1546.90
905000               1537.97
906000               1545.77
907000               1495.65
908000               1399.39
909000               1523.31
910000               1596.68
911000               1498.45
912000               1519.76
913000               1491.58
914000               1496.19
915000               1594.91
916000               1566.49
917000               1461.07
918000               1487.00
919000               1578.73
920000               1461.34
921000               1421.93
922000               1533.64
923000               1593.03
924000               1618.94
925000               1554.03
926000               1438.56
927000               1603.12
928000               1501.29
929000               1607.25
930000               1580.64
931000               1619.52
932000               1579.67
933000               1482.16
934000               1520.69
935000               1589.49
936000               1519.47
937000               1585.49
938000               1449.11
939000               1591.43
940000               1579.36
941000               1560.07
942000               1750.52
943000               1575.75
944000               1573.43
945000               1729.13
946000               1578.43
947000               1605.53
948000               1572.20
949000               1462.74
950000               1531.51
951000               1576.76
952000               1609.12
953000               1581.90
954000               1456.53
955000               1595.69
956000               1556.54
957000               1605.53
958000               1589.99
959000               1614.96
960000               1663.54
961000               1736.70
962000               1691.01
963000               1656.78
964000               1656.89
965000               1597.01
966000               1646.71
967000               1633.98
968000               1673.21
969000               1663.29
970000               1618.05
971000               1629.11
972000               1693.34
973000               1545.36
974000               1614.17
975000               1668.93
976000               1533.40
977000               1792.25
978000               1644.49
979000               1651.97
980000               1755.12
981000               1613.28
982000               1512.34
983000               1576.37
984000               1585.63
985000               1689.46
986000               1650.47
987000               1620.00
988000               1531.96
989000               1689.30
990000               1683.39
991000               1665.63
992000               1657.92
993000               1614.43
994000               1656.57
995000               1548.00
996000               1716.04
997000               1648.88
998000               1673.76
999000               1678.78
1000000              1719.21
1001000              1731.31
1002000              1641.50
1003000              1583.71
1004000              1760.11
1005000              1718.41
1006000              1700.64
1007000              1707.38
1008000              1753.70
1009000              1795.58
1010000              1659.87
1011000              1600.53
1012000              1684.42
1013000              1659.81
1014000              1812.33
1015000              1669.78
1016000              1690.44
1017000              1833.07
1018000              1722.45
1019000              1694.32
1020000              1691.62
1021000              1688.80
1022000              1716.58
1023000              1686.85
1024000              1690.57
