# OSU MPI Latency Test v5.7
# Size          Latency (us)
0                       0.29
1                       0.37
33                      0.39
65                      0.42
97                      0.43
129                     0.44
161                     0.46
193                     0.49
225                     0.50
257                     0.67
289                     0.66
321                     0.67
353                     0.69
385                     0.69
417                     0.57
449                     0.50
481                     0.53
513                     0.53
545                     0.52
577                     0.53
609                     0.55
641                     0.55
673                     0.54
705                     0.54
737                     0.57
769                     0.57
801                     0.57
833                     0.57
865                     0.60
897                     0.58
929                     0.59
961                     0.59
993                     0.62
1025                    0.61
1057                    0.61
1089                    0.60
1121                    0.62
1153                    0.62
1185                    0.61
1217                    0.62
1249                    0.64
1281                    0.64
1313                    0.64
1345                    0.64
1377                    0.69
1409                    0.69
1441                    0.68
1473                    0.68
1505                    0.71
1537                    0.71
1569                    0.70
1601                    0.71
1633                    0.73
1665                    0.73
1697                    0.69
1729                    0.69
1761                    0.71
1793                    0.72
1825                    0.72
1857                    0.73
1889                    0.76
1921                    0.76
1953                    0.73
1985                    0.72
2017                    0.75
2049                    0.76
2081                    0.76
2113                    0.76
2145                    0.80
2177                    0.80
2209                    0.78
2241                    0.78
2273                    0.83
2305                    0.87
2337                    0.82
2369                    0.82
2401                    0.85
2433                    0.85
2465                    0.85
2497                    0.84
2529                    0.88
2561                    0.87
2593                    0.86
2625                    0.86
2657                    0.90
2689                    0.89
2721                    0.88
2753                    0.88
2785                    0.91
2817                    0.91
2849                    0.89
2881                    0.90
2913                    0.91
2945                    0.91
2977                    0.91
3009                    0.91
3041                    0.93
3073                    0.93
3105                    0.94
3137                    0.94
3169                    0.97
3201                    0.97
3233                    0.97
3265                    0.97
3297                    1.01
3329                    1.00
3361                    0.99
3393                    1.00
3425                    1.02
3457                    1.02
3489                    1.01
3521                    1.01
3553                    1.05
3585                    1.04
3617                    1.04
3649                    1.04
3681                    1.07
3713                    1.06
3745                    1.05
3777                    1.06
3809                    1.09
3841                    1.08
3873                    1.08
3905                    1.07
3937                    1.11
3969                    1.10
4001                    1.10
4033                    1.10
4065                    3.00
4097                    3.15
4129                    3.17
4161                    3.18
4193                    3.19
4225                    3.19
4257                    3.19
4289                    3.83
4321                    3.30
4353                    3.24
4385                    3.21
4417                    3.21
4449                    3.20
4481                    3.19
4513                    3.20
4545                    3.21
4577                    3.21
4609                    3.22
4641                    3.24
4673                    3.23
4705                    3.26
4737                    3.26
4769                    3.25
4801                    3.26
4833                    3.34
4865                    3.78
4897                    3.36
4929                    3.28
4961                    3.83
4993                    3.27
5025                    3.26
5057                    3.27
5089                    3.26
5121                    3.32
5153                    3.64
5185                    3.36
5217                    3.51
5249                    3.27
5281                    3.93
5313                    3.61
5345                    3.28
5377                    3.28
5409                    3.28
5441                    3.27
5473                    3.27
5505                    3.30
5537                    3.28
5569                    3.29
5601                    3.31
5633                    3.31
5665                    3.33
5697                    3.31
5729                    3.31
5761                    3.32
5793                    3.32
5825                    3.32
5857                    3.33
5889                    3.31
5921                    3.32
5953                    3.32
5985                    3.32
6017                    3.34
6049                    3.32
6081                    3.34
6113                    3.33
6145                    3.34
6177                    3.35
6209                    3.34
6241                    3.33
6273                    3.36
6305                    3.34
6337                    3.34
6369                    3.34
6401                    3.36
6433                    3.36
6465                    3.36
6497                    3.36
6529                    3.37
6561                    3.38
6593                    3.38
6625                    3.39
6657                    3.39
6689                    3.40
6721                    3.41
6753                    3.39
6785                    3.40
6817                    3.40
6849                    3.42
6881                    3.41
6913                    3.40
6945                    3.39
6977                    3.40
7009                    3.42
7041                    3.42
7073                    3.42
7105                    3.40
7137                    3.42
7169                    3.43
7201                    3.44
7233                    3.44
7265                    3.43
7297                    3.44
7329                    3.42
7361                    3.42
7393                    3.45
7425                    3.45
7457                    3.44
7489                    3.47
7521                    3.48
7553                    3.47
7585                    3.46
7617                    3.48
7649                    3.47
7681                    3.53
7713                    3.64
7745                    3.46
7777                    3.46
7809                    3.48
7841                    3.50
7873                    3.49
7905                    3.48
7937                    3.51
7969                    3.51
8001                    3.53
8033                    3.49
8065                    3.52
8097                    3.50
8129                    3.51
8161                    3.50
8193                    3.68
8225                    3.66
8257                    3.66
8289                    3.68
8321                    3.69
8353                    3.70
8385                    3.71
8417                    3.70
8449                    3.70
8481                    3.72
8513                    3.71
8545                    3.70
8577                    3.70
8609                    3.70
8641                    3.72
8673                    3.72
8705                    3.73
8737                    3.73
8769                    3.73
8801                    3.73
8833                    3.74
8865                    3.72
8897                    3.72
8929                    3.73
8961                    3.76
8993                    3.75
9025                    3.77
9057                    3.74
9089                    3.74
9121                    3.74
9153                    3.80
9185                    3.79
9217                    3.81
9249                    3.78
9281                    3.74
9313                    3.74
9345                    3.80
9377                    3.78
9409                    3.77
9441                    3.79
9473                    3.77
9505                    3.80
9537                    3.81
9569                    3.79
9601                    3.81
9633                    3.79
9665                    3.81
9697                    3.82
9729                    3.84
9761                    3.82
9793                    3.82
9825                    3.80
9857                    3.83
9889                    3.82
9921                    3.85
9953                    3.84
9985                    3.85
10017                   3.87
10049                   3.87
10081                   3.85
10113                   3.88
10145                   3.85
10177                   3.85
10209                   3.85
10241                   3.88
10273                   3.88
10305                   3.86
10337                   3.88
10369                   3.91
10401                   3.94
10433                   3.91
10465                   3.90
10497                   3.89
10529                   3.87
10561                   3.89
10593                   3.87
10625                   3.98
10657                   3.89
10689                   3.88
10721                   3.93
10753                   3.91
10785                   3.92
10817                   3.92
10849                   3.92
10881                   3.91
10913                   3.95
10945                   3.92
10977                   3.92
11009                   3.93
11041                   3.93
11073                   3.93
11105                   3.93
11137                   3.96
11169                   3.92
11201                   3.94
11233                   3.95
11265                   4.01
11297                   3.97
11329                   3.96
11361                   3.96
11393                   3.98
11425                   3.97
11457                   3.95
11489                   3.99
11521                   3.97
11553                   3.97
11585                   4.01
11617                   4.07
11649                   3.99
11681                   3.99
11713                   3.97
11745                   3.99
11777                   4.00
11809                   4.00
11841                   4.03
11873                   4.03
11905                   4.00
11937                   4.00
11969                   4.01
12001                   4.01
12033                   4.01
12065                   4.02
12097                   4.05
12129                   4.01
12161                   4.02
12193                   4.02
12225                   4.04
12257                   4.01
12289                   4.14
12321                   4.13
12353                   4.15
12385                   4.15
12417                   4.16
12449                   4.15
12481                   4.18
12513                   4.19
12545                   4.18
12577                   4.16
12609                   4.16
12641                   4.18
12673                   4.17
12705                   4.19
12737                   4.19
12769                   4.22
12801                   4.21
12833                   4.17
12865                   4.21
12897                   4.19
12929                   4.20
12961                   4.20
12993                   4.22
13025                   4.24
13057                   4.22
13089                   4.21
13121                   4.22
13153                   4.20
13185                   4.26
13217                   4.21
13249                   4.21
13281                   4.21
13313                   4.22
13345                   4.22
13377                   4.23
13409                   4.22
13441                   4.23
13473                   4.24
13505                   4.24
13537                   4.24
13569                   4.24
13601                   4.25
13633                   4.22
13665                   4.24
13697                   4.25
13729                   4.24
13761                   4.27
13793                   4.23
13825                   4.25
13857                   4.31
13889                   4.33
13921                   4.34
13953                   4.30
13985                   4.31
14017                   4.30
14049                   4.30
14081                   4.32
14113                   4.31
14145                   4.32
14177                   4.30
14209                   4.32
14241                   4.32
14273                   4.33
14305                   4.33
14337                   4.34
14369                   4.33
14401                   4.33
14433                   4.36
14465                   4.42
14497                   4.36
14529                   4.41
14561                   4.36
14593                   4.36
14625                   4.36
14657                   4.36
14689                   4.36
14721                   4.37
14753                   4.34
14785                   4.37
14817                   4.36
14849                   4.38
14881                   4.38
14913                   4.39
14945                   4.38
14977                   4.43
15009                   4.41
15041                   4.41
15073                   4.40
15105                   4.38
15137                   4.38
15169                   4.39
15201                   4.38
15233                   4.39
15265                   4.40
15297                   4.40
15329                   4.38
15361                   4.41
15393                   4.40
15425                   4.44
15457                   4.39
15489                   4.41
15521                   4.41
15553                   4.44
15585                   4.40
15617                   4.41
15649                   4.41
15681                   4.43
15713                   4.43
15745                   4.41
15777                   4.42
15809                   4.43
15841                   4.44
15873                   4.44
15905                   4.42
15937                   4.44
15969                   4.46
16001                   4.43
16033                   4.44
16065                   4.47
16097                   4.47
16129                   4.45
16161                   4.45
16193                   4.53
16225                   4.43
16257                   4.45
16289                   4.44
16321                   4.43
16353                   4.45
16385                   4.59
16417                   4.61
16449                   4.62
16481                   4.61
16513                   4.61
16545                   4.60
16577                   4.61
16609                   4.60
16641                   4.60
16673                   4.60
16705                   4.61
16737                   4.63
16769                   4.62
16801                   4.64
16833                   4.66
16865                   4.64
16897                   4.64
16929                   4.66
16961                   4.63
16993                   4.64
17025                   4.64
17057                   4.64
17089                   4.69
17121                   4.67
17153                   4.65
17185                   4.65
17217                   4.66
17249                   4.66
17281                   4.67
17313                   4.67
17345                   4.67
17377                   4.69
17409                   4.67
17441                   4.67
17473                   4.67
17505                   4.68
17537                   4.69
17569                   4.67
17601                   4.68
17633                   4.69
17665                   4.71
17697                   4.67
17729                   4.70
17761                   4.70
17793                   4.70
17825                   4.69
17857                   4.69
17889                   4.70
17921                   4.70
17953                   4.77
17985                   4.71
18017                   4.70
18049                   4.72
18081                   4.70
18113                   4.75
18145                   4.74
18177                   4.69
18209                   4.71
18241                   4.72
18273                   4.70
18305                   4.72
18337                   4.70
18369                   4.71
18401                   4.72
18433                   4.71
18465                   4.73
18497                   4.75
18529                   4.73
18561                   4.74
18593                   4.73
18625                   4.75
18657                   4.72
18689                   4.74
18721                   4.74
18753                   4.77
18785                   4.79
18817                   4.74
18849                   4.75
18881                   4.77
18913                   4.76
18945                   4.76
18977                   4.74
19009                   4.75
19041                   4.79
19073                   4.82
19105                   4.81
19137                   4.82
19169                   4.78
19201                   4.79
19233                   4.77
19265                   4.77
19297                   4.76
19329                   4.77
19361                   4.78
19393                   4.79
19425                   4.78
19457                   4.80
19489                   4.80
19521                   4.79
19553                   4.78
19585                   4.79
19617                   4.83
19649                   4.80
19681                   4.80
19713                   4.83
19745                   4.81
19777                   4.82
19809                   4.79
19841                   4.83
19873                   4.82
19905                   4.81
19937                   4.82
19969                   4.82
20001                   4.84
20033                   4.82
20065                   4.82
20097                   4.87
20129                   4.88
20161                   4.82
20193                   4.82
20225                   4.84
20257                   4.83
20289                   4.83
20321                   4.84
20353                   4.85
20385                   4.84
20417                   4.84
20449                   4.83
20481                   4.99
20513                   4.97
20545                   4.96
20577                   4.98
20609                   4.99
20641                   4.98
20673                   4.99
20705                   4.97
20737                   5.00
20769                   5.03
20801                   5.09
20833                   5.06
20865                   5.07
20897                   5.03
20929                   5.02
20961                   5.02
20993                   5.01
21025                   5.05
21057                   5.06
21089                   5.05
21121                   5.02
21153                   5.09
21185                   5.02
21217                   5.10
21249                   5.02
21281                   5.02
21313                   5.03
21345                   5.02
21377                   5.05
21409                   5.03
21441                   5.08
21473                   5.05
21505                   5.06
21537                   5.05
21569                   5.06
21601                   5.03
21633                   5.04
21665                   5.08
21697                   5.04
21729                   5.07
21761                   5.05
21793                   5.07
21825                   5.05
21857                   5.06
21889                   5.06
21921                   5.05
21953                   5.06
21985                   5.07
22017                   5.11
22049                   5.10
22081                   5.07
22113                   5.07
22145                   5.11
22177                   5.07
22209                   5.07
22241                   5.06
22273                   5.08
22305                   5.08
22337                   5.07
22369                   5.08
22401                   5.10
22433                   5.07
22465                   5.09
22497                   5.10
22529                   5.10
22561                   5.10
22593                   5.11
22625                   5.09
22657                   5.09
22689                   5.11
22721                   5.10
22753                   5.10
22785                   5.09
22817                   5.09
22849                   5.11
22881                   5.09
22913                   5.10
22945                   5.14
22977                   5.10
23009                   5.13
23041                   5.12
23073                   5.13
23105                   5.13
23137                   5.11
23169                   5.14
23201                   5.12
23233                   5.16
23265                   5.13
23297                   5.15
23329                   5.13
23361                   5.13
23393                   5.14
23425                   5.13
23457                   5.16
23489                   5.15
23521                   5.16
23553                   5.17
23585                   5.15
23617                   5.14
23649                   5.15
23681                   5.16
23713                   5.15
23745                   5.17
23777                   5.17
23809                   5.18
23841                   5.20
23873                   5.21
23905                   5.19
23937                   5.18
23969                   5.18
24001                   5.17
24033                   5.18
24065                   5.20
24097                   5.17
24129                   5.20
24161                   5.19
24193                   5.20
24225                   5.19
24257                   5.18
24289                   5.16
24321                   5.36
24353                   5.25
24385                   5.25
24417                   5.28
24449                   5.27
24481                   5.26
24513                   5.24
24545                   5.21
24577                   5.32
24609                   5.38
24641                   5.35
24673                   5.34
24705                   5.34
24737                   5.35
24769                   5.38
24801                   5.41
24833                   5.37
24865                   5.36
24897                   5.34
24929                   5.36
24961                   5.37
24993                   5.38
25025                   5.39
25057                   5.41
25089                   5.40
25121                   5.38
25153                   5.39
25185                   5.40
25217                   5.39
25249                   5.42
25281                   5.49
25313                   5.41
25345                   5.39
25377                   5.41
25409                   5.40
25441                   5.41
25473                   5.40
25505                   5.40
25537                   5.41
25569                   5.42
25601                   5.41
25633                   5.44
25665                   5.45
25697                   5.39
25729                   5.41
25761                   5.39
25793                   5.40
25825                   5.41
25857                   5.43
25889                   5.44
25921                   5.45
25953                   5.42
25985                   5.43
26017                   5.43
26049                   5.44
26081                   5.41
26113                   5.43
26145                   5.44
26177                   5.44
26209                   5.42
26241                   5.43
26273                   5.48
26305                   5.45
26337                   5.44
26369                   5.43
26401                   5.43
26433                   5.44
26465                   5.44
26497                   5.43
26529                   5.51
26561                   5.46
26593                   5.44
26625                   5.44
26657                   5.45
26689                   5.46
26721                   5.46
26753                   5.45
26785                   5.45
26817                   5.49
26849                   5.47
26881                   5.46
26913                   5.46
26945                   5.47
26977                   5.47
27009                   5.45
27041                   5.46
27073                   5.50
27105                   5.49
27137                   5.48
27169                   5.48
27201                   5.50
27233                   5.57
27265                   5.50
27297                   5.52
27329                   5.50
27361                   5.51
27393                   5.55
27425                   5.53
27457                   5.50
27489                   5.52
27521                   5.58
27553                   5.52
27585                   5.56
27617                   5.51
27649                   5.51
27681                   5.52
27713                   5.56
27745                   5.53
27777                   5.51
27809                   5.50
27841                   5.53
27873                   5.51
27905                   5.52
27937                   5.53
27969                   5.54
28001                   5.57
28033                   5.56
28065                   5.54
28097                   5.54
28129                   5.56
28161                   5.56
28193                   5.54
28225                   5.57
28257                   5.60
28289                   5.55
28321                   5.57
28353                   5.56
28385                   5.56
28417                   5.55
28449                   5.54
28481                   5.57
28513                   5.57
28545                   5.57
28577                   5.57
28609                   5.58
28641                   5.56
28673                   5.73
28705                   5.73
28737                   5.74
28769                   5.72
28801                   5.75
28833                   5.74
28865                   5.75
28897                   5.75
28929                   5.74
28961                   5.75
28993                   5.76
29025                   5.75
29057                   5.75
29089                   5.79
29121                   5.80
29153                   5.75
29185                   5.73
29217                   5.76
29249                   5.78
29281                   5.78
29313                   5.76
29345                   5.78
29377                   5.79
29409                   5.77
29441                   5.79
29473                   5.79
29505                   5.78
29537                   5.78
29569                   5.80
29601                   5.78
29633                   5.78
29665                   5.78
29697                   5.81
29729                   5.79
29761                   5.80
29793                   5.79
29825                   5.81
29857                   5.81
29889                   5.84
29921                   5.85
29953                   5.82
29985                   5.81
30017                   5.79
30049                   5.88
30081                   5.83
30113                   5.80
30145                   5.84
30177                   5.80
30209                   5.80
30241                   5.81
30273                   5.81
30305                   5.82
30337                   5.84
30369                   5.84
30401                   5.85
30433                   5.86
30465                   5.86
30497                   5.83
30529                   5.84
30561                   5.82
30593                   5.82
30625                   5.84
30657                   5.83
30689                   5.84
30721                   5.86
30753                   5.89
30785                   5.87
30817                   5.85
30849                   5.91
30881                   5.93
30913                   5.94
30945                   5.91
30977                   5.94
31009                   5.89
31041                   5.86
31073                   5.85
31105                   5.87
31137                   5.86
31169                   5.87
31201                   5.85
31233                   5.87
31265                   5.85
31297                   5.87
31329                   5.86
31361                   5.89
31393                   5.88
31425                   5.92
31457                   5.90
31489                   5.90
31521                   5.93
31553                   5.91
31585                   5.90
31617                   5.88
31649                   5.87
31681                   5.87
31713                   5.93
31745                   5.91
31777                   5.88
31809                   5.94
31841                   5.89
31873                   5.91
31905                   5.87
31937                   5.91
31969                   5.91
32001                   5.92
32033                   5.91
32065                   5.92
32097                   5.91
32129                   5.93
32161                   5.90
32193                   5.92
32225                   5.92
32257                   5.92
32289                   5.92
32321                   5.95
32353                   5.95
32385                   5.93
32417                   5.92
32449                   5.92
32481                   5.94
32513                   5.94
32545                   5.94
32577                   5.98
32609                   5.96
32641                   5.95
32673                   5.97
32705                   5.96
32737                   6.04
32769                   6.09
32801                   6.09
32833                   6.10
32865                   6.08
32897                   6.13
32929                   6.11
32961                   6.10
32993                   6.10
33025                   6.10
33057                   6.11
33089                   6.14
33121                   6.12
33153                   6.18
33185                   6.13
33217                   6.11
33249                   6.11
33281                   6.13
33313                   6.14
33345                   6.15
33377                   6.15
33409                   6.14
33441                   6.14
33473                   6.17
33505                   6.17
33537                   6.16
33569                   6.15
33601                   6.15
33633                   6.16
33665                   6.16
33697                   6.17
33729                   6.16
33761                   6.15
33793                   6.19
33825                   6.16
33857                   6.17
33889                   6.20
33921                   6.18
33953                   6.17
33985                   6.17
34017                   6.16
34049                   6.17
34081                   6.18
34113                   6.17
34145                   6.19
34177                   6.19
34209                   6.19
34241                   6.19
34273                   6.18
34305                   6.21
34337                   6.19
34369                   6.20
34401                   6.20
34433                   6.23
34465                   6.20
34497                   6.19
34529                   6.19
34561                   6.21
34593                   6.21
34625                   6.19
34657                   6.23
34689                   6.22
34721                   6.21
34753                   6.18
34785                   6.22
34817                   6.21
34849                   6.22
34881                   6.20
34913                   6.22
34945                   6.23
34977                   6.24
35009                   6.23
35041                   6.24
35073                   6.24
35105                   6.25
35137                   6.24
35169                   6.24
35201                   6.25
35233                   6.25
35265                   6.26
35297                   6.33
35329                   6.27
35361                   6.26
35393                   6.27
35425                   6.30
35457                   6.30
35489                   6.27
35521                   6.97
35553                   6.47
35585                   6.27
35617                   6.26
35649                   6.27
35681                   6.29
35713                   6.27
35745                   6.29
35777                   6.31
35809                   6.27
35841                   6.30
35873                   6.29
35905                   6.28
35937                   6.28
35969                   6.30
36001                   6.32
36033                   6.28
36065                   6.30
36097                   6.36
36129                   6.38
36161                   6.46
36193                   6.42
36225                   6.37
36257                   6.29
36289                   6.32
36321                   6.33
36353                   6.31
36385                   6.30
36417                   6.32
36449                   6.33
36481                   6.33
36513                   6.33
36545                   6.32
36577                   6.32
36609                   6.34
36641                   6.35
36673                   6.33
36705                   6.33
36737                   6.35
36769                   6.35
36801                   6.35
36833                   6.36
36865                   6.48
36897                   6.51
36929                   6.56
36961                   6.49
36993                   6.49
37025                   6.50
37057                   6.49
37089                   6.51
37121                   6.50
37153                   6.50
37185                   6.53
37217                   6.52
37249                   6.51
37281                   6.53
37313                   6.52
37345                   6.53
37377                   6.54
37409                   6.52
37441                   6.54
37473                   6.53
37505                   6.52
37537                   6.55
37569                   6.57
37601                   6.54
37633                   6.57
37665                   6.58
37697                   6.56
37729                   6.55
37761                   6.64
37793                   6.55
37825                   6.55
37857                   6.57
37889                   6.57
37921                   6.56
37953                   6.57
37985                   6.56
38017                   6.56
38049                   6.68
38081                   6.65
38113                   6.68
38145                   6.70
38177                   6.64
38209                   6.60
38241                   6.58
38273                   6.63
38305                   6.60
38337                   6.58
38369                   6.59
38401                   6.64
38433                   6.57
38465                   6.62
38497                   6.63
38529                   6.62
38561                   6.60
38593                   6.59
38625                   6.63
38657                   6.62
38689                   6.63
38721                   6.61
38753                   6.60
38785                   6.62
38817                   6.60
38849                   6.62
38881                   6.61
38913                   6.62
38945                   6.63
38977                   6.62
39009                   6.61
39041                   6.62
39073                   6.66
39105                   6.66
39137                   6.65
39169                   6.63
39201                   6.62
39233                   6.64
39265                   6.63
39297                   6.65
39329                   6.66
39361                   6.64
39393                   6.66
39425                   6.65
39457                   6.66
39489                   6.66
39521                   6.65
39553                   6.67
39585                   6.65
39617                   6.66
39649                   6.66
39681                   6.67
39713                   6.65
39745                   6.68
39777                   6.66
39809                   6.73
39841                   6.68
39873                   6.66
39905                   6.69
39937                   6.70
39969                   6.68
40001                   6.71
40033                   6.69
40065                   6.70
40097                   6.69
40129                   6.75
40161                   6.70
40193                   6.73
40225                   6.71
40257                   6.70
40289                   6.70
40321                   6.72
40353                   6.69
40385                   6.73
40417                   6.72
40449                   6.72
40481                   6.71
40513                   6.80
40545                   6.83
40577                   6.71
40609                   6.71
40641                   6.72
40673                   6.71
40705                   6.76
40737                   6.73
40769                   6.74
40801                   6.74
40833                   6.77
40865                   6.73
40897                   6.71
40929                   6.78
40961                   6.97
40993                   7.02
41025                   6.93
41057                   6.96
41089                   6.92
41121                   6.91
41153                   6.90
41185                   6.96
41217                   6.92
41249                   7.07
41281                   6.92
41313                   6.95
41345                   7.00
41377                   7.07
41409                   7.02
41441                   7.01
41473                   7.86
41505                   9.03
41537                   8.41
41569                   8.65
41601                   8.55
41633                   8.31
41665                   8.52
41697                   8.35
41729                   8.46
41761                   8.55
41793                   8.30
41825                   8.52
41857                   8.38
41889                   8.55
41921                   8.44
41953                   8.45
41985                   8.58
42017                   8.37
42049                   8.51
42081                   8.54
42113                   8.42
42145                   8.43
42177                   8.56
42209                   8.68
42241                   8.46
42273                   8.51
42305                   8.55
42337                   8.41
42369                   8.57
42401                   8.60
42433                   8.46
42465                   8.59
42497                   8.39
42529                   8.52
42561                   8.55
42593                   8.51
42625                   8.89
42657                   8.61
42689                   8.37
42721                   8.63
42753                   8.62
42785                   8.44
42817                   8.60
42849                   8.66
42881                   8.49
42913                   8.53
42945                   8.63
42977                   8.44
43009                   8.56
43041                   8.66
43073                   8.41
43105                   8.60
43137                   8.97
43169                   9.47
43201                   8.70
43233                   8.76
43265                   8.56
43297                  10.55
43329                  11.65
43361                  10.07
43393                   8.50
43425                   8.64
43457                   8.68
43489                   8.49
43521                   9.18
43553                   8.57
43585                   8.66
43617                  10.91
43649                  11.89
43681                   9.78
43713                   8.62
43745                   8.59
43777                   8.73
43809                   8.82
43841                   8.51
43873                   8.75
43905                   8.57
43937                   8.58
43969                   8.66
44001                   8.60
44033                   8.67
44065                   8.65
44097                   8.58
44129                   8.52
44161                   8.70
44193                   8.53
44225                   8.73
44257                   8.73
44289                   8.54
44321                   8.66
44353                   8.54
44385                   8.68
44417                   8.87
44449                   8.66
44481                   8.69
44513                   8.68
44545                   8.59
44577                   8.90
44609                   8.70
44641                   8.61
44673                   8.67
44705                   7.35
44737                   7.24
44769                   7.23
44801                   7.16
44833                   7.16
44865                   9.16
44897                   9.99
44929                   9.06
44961                   7.17
44993                   7.16
45025                   7.18
45057                   7.30
45089                   7.32
45121                   7.52
45153                   7.38
45185                   7.33
45217                   8.02
45249                  10.30
45281                  10.28
45313                   7.52
45345                   7.36
45377                   7.33
45409                   7.37
45441                   7.36
45473                   7.34
45505                   7.33
45537                   7.38
45569                   7.36
45601                   7.37
45633                   7.36
45665                   7.39
45697                   7.36
45729                   7.36
45761                   7.36
45793                   7.37
45825                   7.45
45857                   7.51
45889                   7.48
45921                   7.41
45953                   8.59
45985                  10.35
46017                   8.34
46049                  10.26
46081                   7.37
46113                   7.38
46145                   7.46
46177                   7.43
46209                   7.39
46241                   7.40
46273                   7.40
46305                  10.27
46337                  10.40
46369                  10.44
46401                   8.00
46433                   9.94
46465                  10.64
46497                  10.24
46529                  10.24
46561                  10.49
46593                  10.17
46625                   9.46
46657                   7.41
46689                   7.44
46721                   7.42
46753                   7.41
46785                   7.41
46817                   7.43
46849                   7.45
46881                   7.42
46913                   7.47
46945                   7.51
46977                   7.51
47009                   7.44
47041                   7.44
47073                   7.43
47105                   7.45
47137                   7.43
47169                   7.45
47201                   7.43
47233                   7.47
47265                   7.48
47297                   7.47
47329                   7.45
47361                   7.46
47393                   7.44
47425                   7.45
47457                   7.45
47489                   7.45
47521                   7.45
47553                   7.47
47585                   7.46
47617                   7.44
47649                   7.47
47681                   7.48
47713                   7.45
47745                   7.46
47777                   7.47
47809                   7.49
47841                   7.46
47873                   7.47
47905                   7.45
47937                   7.52
47969                   7.50
48001                   7.49
48033                   7.47
48065                   7.48
48097                   7.49
48129                   7.49
48161                   7.50
48193                   7.50
48225                   7.50
48257                   7.49
48289                   7.48
48321                   7.53
48353                   7.50
48385                   7.48
48417                   7.50
48449                   7.51
48481                   7.49
48513                   7.57
48545                   7.59
48577                   7.59
48609                   7.53
48641                   7.51
48673                   7.54
48705                   7.52
48737                   7.52
48769                   7.53
48801                   7.56
48833                   7.61
48865                   7.54
48897                   7.55
48929                   7.56
48961                   7.53
48993                   7.54
49025                   7.55
49057                   7.53
49089                   7.56
49121                   7.54
49153                   7.72
49185                   7.72
49217                   7.74
49249                   7.69
49281                   7.72
49313                   7.73
49345                   7.72
49377                   7.74
49409                   7.72
49441                   7.74
49473                   7.73
49505                   7.74
49537                   7.73
49569                   7.74
49601                   7.74
49633                   7.74
49665                   7.72
49697                   7.76
49729                   7.76
49761                   7.78
49793                   7.75
49825                   7.79
49857                   7.78
49889                   7.77
49921                   7.75
49953                   7.77
49985                   7.76
