4                       1.05
8                       1.07
16                      1.08
32                      1.11
64                      1.13
128                     1.31
256                     1.55
512                     2.26
1024                    2.78
2048                    3.86
4096                   12.54
8192                   17.26
16384                  33.00
32768                  44.23
65536                  70.27
131072                132.24
262144                264.41
524288                566.73
1048576              1583.78
2097152              5022.23
4194304             12765.73
8388608             25996.01
16777216            51910.03
33554432           103636.91
67108864           205752.50
134217728          411995.91
268435456          827276.03