4                       1.00
8                       1.05
16                      1.05
32                      1.07
64                      1.11
128                     1.29
256                     1.48
512                     2.22
1024                    2.72
2048                    3.82
4096                   12.53
8192                   17.22
16384                  33.24
32768                  45.04
65536                  70.21
131072                132.46
262144                264.74
524288                562.28
1048576              1617.25
2097152              5139.70
4194304             13005.99
8388608             26489.88
16777216            52653.99
33554432           105104.35
67108864           209461.34
134217728          417309.66
268435456          834322.66