4                       1.61
8                       1.62
16                      1.61
32                      1.65
64                      1.68
128                     1.81
256                     1.99
512                     3.10
1024                    3.86
2048                    5.50
4096                   18.21
8192                   25.48
16384                  48.83
32768                  66.18
65536                 103.22
131072                178.74
262144                332.03
524288                703.96
1048576              1829.06
2097152              5300.34
4194304             12514.83
8388608             26114.01
16777216            51730.44
33554432           103129.13
67108864           206288.86
134217728          411059.71
268435456          821295.36