4                      58.30
8                      59.14
16                     60.86
32                     61.13
64                     67.12
128                    64.37
256                    68.24
512                    78.68
1024                  100.93
2048                  160.20
4096                  242.34
8192                  391.72
16384                 480.85
32768                 747.10
65536                1135.55
131072               2193.55
262144               4310.14
524288              10421.64
1048576             19858.30
2097152             40511.31
4194304             78454.67
8388608            155092.56
16777216           307752.92
33554432           619227.32
67108864          1237633.81
134217728         2496641.25
268435456         5027973.75