4                      54.66
8                      53.81
16                     54.25
32                     54.71
64                     58.31
128                    61.92
256                    68.40
512                    82.61
1024                   98.79
2048                  151.37
4096                  234.29
8192                  387.58
16384                 461.85
32768                 774.69
65536                1456.78
131072               2280.22
262144               4276.29
524288              10205.45
1048576             20356.21
2097152             40817.80
4194304             81620.55
8388608            160114.08
16777216           317376.96
33554432           623483.90
67108864          1251687.50
134217728         2508030.37
268435456         5003870.72