4                       0.51
8                       0.55
16                      0.55
32                      0.55
64                      0.57
128                     0.67
256                     0.75
512                     1.13
1024                    1.38
2048                    1.90
4096                    6.14
8192                    8.39
16384                  13.38
32768                  19.51
65536                  33.23
131072                 65.94
262144                125.64
524288                233.22
1048576               447.55
2097152              1309.58
4194304              4431.89
8388608              9256.11
16777216            18294.04
33554432            36100.40
67108864            71668.39
134217728          142204.49
268435456          283792.18
536870912          565889.29
1073741824        1128262.47