4                       0.51
8                       0.55
16                      0.54
32                      0.55
64                      0.56
128                     0.68
256                     0.74
512                     1.13
1024                    1.40
2048                    1.94
4096                    6.24
8192                    9.11
16384                  14.41
32768                  19.96
65536                  35.00
131072                 65.58
262144                126.89
524288                238.36
1048576               479.84
2097152              1485.02
4194304              4421.62
8388608              9546.80
16777216            18716.78
33554432            36885.50
67108864            74172.34
134217728          144295.67
268435456          284027.75
536870912          566515.38
1073741824        1135576.44